1e+06 0.275 0.000407113017879772 0.000269203146345576 7.6751890833154e-08 0.620863774581527
1e+06 0.692307692307692 0.000247713788654165 0.000150209679542862 4.57801736115361e-08 0.3104623136906
1e+06 0.591836734693878 0.000260188707834811 0.000101452617624674 1.39738727630124e-08 0.185889269094539
1e+06 0 0.000344562876625867 0.000472061811096157 2.52634460045662e-07 1.71055047242004
1e+06 0.880952380952381 0.00025333018443275 0.000109962441385375 1.70118255389338e-08 0.191444389143462
1e+06 1 0.000293640292155198 5.18110066755211e-05 3.8628861697665e-09 0.0975118727722436
1e+06 0 0.000344562876625867 0.000472061811096157 2.52634460045662e-07 1.71055047242004
1e+06 0 0.00035002468001026 0.000471695375193186 2.49004119823537e-07 1.67192061517782
1e+06 0.363636363636364 0.000182050795122221 0.000140068925275244 3.21003692476522e-08 0.349558977553102
1e+06 0 0.000340581508373847 0.000449514196788339 2.24957169197121e-07 1.55570354000416
1e+06 0 0.000369291612785804 0.000505262557002154 2.88071802216307e-07 1.74043461112817
1e+06 0.530612244897959 0.000256167549401227 0.000115340766715501 1.46729845313252e-08 0.225706192434275
1e+06 0 0.000409411206105131 0.00051189160221356 2.86228605277756e-07 1.60967913094082
1e+06 0.689655172413793 0.000248468308439202 0.000104100601917783 2.00365625463428e-08 0.258368837836324
1e+06 0.558823529411765 0.000360692960554618 0.000164698671927698 3.65759289278886e-08 0.223007617502013
1e+06 0.945945945945946 0.000295211472457332 6.50013601992655e-05 9.31397325731532e-09 0.119200349037792
1e+06 0.333333333333333 0.000315244130677282 0.000262679635797575 1.03972979091089e-07 0.61681520202758
1e+06 0.417910447761194 0.00020823670458576 0.000233148416335525 7.44453751220118e-08 0.294126251905858
1e+06 0 0.000408126522845735 0.000315939125999162 1.1040734065478e-07 0.720545383434372
1e+06 0.139240506329114 0.000279108318233947 0.000307100563966764 1.16695871179578e-07 0.361258623424258
1e+06 0.163265306122449 0.000212170354555389 0.000177959121187974 3.51756843850461e-08 0.312129527371449
1e+06 0 0.000347776652887691 0.000474140884995455 2.55769549454046e-07 1.58909160038444
1e+06 0.346153846153846 0.000182393946479785 0.000156020353715379 3.83962605813457e-08 0.357408661177933
1e+06 0.567567567567568 0.000326183612147672 0.000146507457930925 2.78427357998573e-08 0.276363034939545
1e+06 0.0303030303030303 0.000323675176457706 0.000609357268522681 5.62445017381017e-07 0.461927246636548
1e+06 0.78125 0.000256960263454289 6.03914159284766e-05 8.32830931639961e-09 0.145097430158804
1e+06 0.0540540540540541 0.000375971678832207 0.000254258185335724 7.16581240052608e-08 0.500520276878279
1e+06 0.216216216216216 0.000176074990737852 0.000193580766432948 4.39874196545825e-08 0.399860127688661
1e+06 0.75 0.000313178510523692 7.45457727549489e-05 7.86555607055416e-09 0.140303842028476
1e+06 0.492753623188406 0.000315294603704609 0.000225035857898318 9.03486955495568e-08 0.215703250028768
1e+06 0.230769230769231 0.000306683977961663 0.00034513729634138 1.81419390660184e-07 0.336745561187778
1e+06 0.660377358490566 0.000323353061064574 0.000133659769144773 2.59787389632917e-08 0.320300358993285
1e+06 0 0.000324385732163862 0.000390851136688469 1.87283768112846e-07 1.05712270166118
1e+06 0 0.000320322501974316 0.00041016254563541 1.97116208055327e-07 1.40579879729213
1e+06 0 0.000360032960160199 0.000492587421211406 2.77567510250164e-07 1.69193666727284
1e+06 0.214285714285714 0.00023624667522236 0.000370253669867895 1.95885283878629e-07 0.394363641876542
1e+06 0.740740740740741 0.000297707302469719 9.04608846456284e-05 1.26138458662916e-08 0.148018213257059
1e+06 0.387096774193548 0.000193661210165898 0.000125579175926491 2.00473140831129e-08 0.294625079108677
1e+06 0 0.000348981424277045 0.000400683264275418 1.7184257531944e-07 1.21589506729688
1e+06 0.0204081632653061 0.000315294603704609 0.0013093752420509 2.47249937030975e-06 0.668180155106864
1e+06 0.5 0.000221699703673801 0.000111104858163634 1.62931052894364e-08 0.22084659172075
1e+06 0.483870967741935 0.000274262153619463 0.000159727362330069 3.02407503775009e-08 0.240109300749178
1e+06 0.388888888888889 0.000336449560903353 0.000182395310034647 4.06000939074502e-08 0.348242175961706
1e+06 0.567567567567568 0.000333066514538901 0.000208658859268556 6.97243509448735e-08 0.214777723459114
1e+06 0.833333333333333 0.000284186407755376 8.45974483059974e-05 9.90369365390173e-09 0.175631141548304
1e+06 0 0.00040988342232465 0.000487806239419422 2.60605356401206e-07 1.36858664793611
1e+06 0.0601503759398496 0.000332389988226256 0.000918625680737707 1.35115109554959e-06 0.483960149939358
1e+06 0.3125 0.000403529751910289 0.000329032945835438 1.53708876667175e-07 0.624400508290486
1e+06 0 0.000346539006795041 0.000423840119711652 2.02394797918186e-07 1.2900809954481
1e+06 0 0.000384405421484798 0.000465909873957052 2.37104417711682e-07 1.3986927448468
1e+06 0.166666666666667 0.000304490699718365 0.000344493991683227 1.66138881416791e-07 1.05151718183415
1e+06 0 0.000389487426051555 0.000309037374075459 9.73893934039012e-08 0.715121064160631
1e+06 0 0.000387306722304309 0.000530560024032769 3.1843245810818e-07 1.7353514515484
1e+06 0 0.000441617240095173 0.000371084255724285 1.42757449052614e-07 0.878466061259536
1e+06 0.269230769230769 0.000384524722376453 0.000288389797815797 1.12033688830158e-07 0.62959656657644
1e+06 0.125 0.000244279650219555 0.000435446475032732 2.68964777524403e-07 0.447511025362517
1e+06 0.0925925925925926 0.00023624667522236 0.000276648485295329 9.49715916377931e-08 0.399339785976993
1e+06 0.612903225806452 0.000264520531960594 0.000146958442477862 3.33747245087388e-08 0.285031050999344
1e+06 0.0410958904109589 0.000245662813910848 0.000391730934101618 1.9231092946804e-07 0.439145446646428
1e+06 0.583333333333333 0.00026943290357223 0.000162528104042002 3.62091639228701e-08 0.218324448960464
1e+06 0.209302325581395 0.000400618645423018 0.000268397463537178 7.82647765245064e-08 0.603236513674479
1e+06 0.0512820512820513 0.000217301361827656 0.000447294955912776 2.55578231141051e-07 0.460617323751336
1e+06 0.553191489361702 0.000194951176995519 0.000127544827943392 2.60473960334957e-08 0.259370714380941
1e+06 0 0.000365390771307561 0.000516829693267917 3.07572166397719e-07 1.82128950607394
1e+06 0.329113924050633 0.000375768858317659 0.000247205354935945 9.02215484773957e-08 0.276323855999566
1e+06 0.3 0.000339710739209548 0.000274380460712647 1.08832972099204e-07 0.669713954841155
1e+06 0.117021276595745 0.000280530017851139 0.000583228818077029 5.02531293207809e-07 0.456557423024018
1e+06 0.1 0.000415368599219926 0.00030088547111802 1.0297155355789e-07 0.673546898561171
1e+06 0 0.000379005690504917 0.000504123802136829 2.82012396768697e-07 1.69439748343052
1e+06 0 0.00036502122043628 0.000511285443106582 3.030909918648e-07 1.75134039691898
1e+06 0 0.000349621385298104 0.00048270922474944 2.66764007596083e-07 1.70414121935509
1e+06 0.34375 0.000179323723689159 0.000158963275479835 3.2161162638492e-08 0.342982447168982
1e+06 0.416666666666667 0.000295927197841673 0.000193281630064122 5.51460529763258e-08 0.4285103503523
1e+06 0.0632911392405063 0.000299480039527575 0.00037712442897956 1.71008129234974e-07 0.413461743496765
1e+06 0 0.000290999632600103 0.000309043950919142 1.0844499809078e-07 0.935106509755107
1e+06 0.875 0.000313887258770778 9.77469490602295e-05 1.35981498086632e-08 0.169799361819383
1e+06 0.790697674418605 0.000258713061424405 8.87407746510784e-05 1.19083229977763e-08 0.150120216735002
1e+06 0.032258064516129 0.000341405366868931 0.000276402054570965 7.89486919638171e-08 0.698565231901673
1e+06 0.241379310344828 0.000317359200771028 0.000238731675177374 6.33711370475771e-08 0.62627246704026
1e+06 0 0.000281759230453995 0.000336661318126958 1.37992275917805e-07 1.04989224908067
1e+06 0 0.000316899773666122 0.000289311062069986 9.05016792010649e-08 0.764769597989998
1e+06 0 0.000356191844905843 0.0003631309813043 1.40707194519298e-07 0.89323806534235
1e+06 0.0526315789473684 0.000469325181796584 0.000414772888967959 1.88298061474311e-07 0.944814842252447
1e+06 0.75 0.000216997190532177 0.000109786562970241 2.72385446547208e-08 0.204617943176399
1e+06 0.0422535211267606 0.000280740625638494 0.00032685992506436 1.28979378230517e-07 0.393237612830771
1e+06 0.222222222222222 0.000269161520144321 0.000229627982114367 7.50592333312885e-08 0.608811050440432
1e+06 0 0.000315147383617637 0.000347428514206101 1.29292605917292e-07 1.08439695143893
1e+06 0.620689655172414 0.000260951911721178 0.00016255122003346 5.37652946013946e-08 0.292992617145001
1e+06 0 0.000350882792479368 0.000381895500873535 1.51180597673333e-07 1.13686903258268
1e+06 0 0.000338181016511909 0.000453765843736553 2.33478320754951e-07 1.52256986472566
1e+06 0.04 0.000200195028573875 0.000549149816936162 3.82043992915623e-07 0.589111974964837
1e+06 0 0.000344562876625867 0.00047080204674895 2.50726253158169e-07 1.70657097033449
1e+06 0.0260869565217391 0.00020823670458576 0.000952360197740377 1.18697344919646e-06 0.662938943294229
1e+06 0 0.000304842738682591 0.000296228764725068 1.01347638508728e-07 0.89721983857681
1e+06 0.757575757575758 0.000295345558905504 0.000109742150688029 1.50004237523912e-08 0.26167323797588
1e+06 0 0.000338198136634348 0.000458348081481931 2.40962266590071e-07 1.50166610767136
1e+06 0.7 0.00020786894357816 0.00015108899654002 5.12784766734261e-08 0.355939886652297
1e+06 0.615384615384615 0.00022982055644702 9.82160589572657e-05 1.43314309108443e-08 0.191342430229039
1e+06 0.416666666666667 0.000271280633177166 0.000230575122785455 8.63060169827911e-08 0.274934297548777
1e+06 0 0.00041658947942972 0.000518110100409176 2.86728672641886e-07 1.64313070273152
