1e+06 0 0.00035677764842515 0.000280064274841891 7.98370176011369e-08 0.659782641118497
1e+06 0.315789473684211 0.000203849554916721 0.000134255807350262 2.27821892176164e-08 0.279445338253066
1e+06 0.973684210526316 0.000291992901467878 8.36234299547754e-05 1.05148662131831e-08 0.14929414410825
1e+06 0.111111111111111 0.0003610103436244 0.00033339459956896 1.31376291600955e-07 0.909313072975483
1e+06 0 0.000385675929757738 0.000536877136443489 3.2806921027792e-07 1.84464470182439
1e+06 0.807692307692308 0.000258713061424405 0.000119285329043329 2.87807827259258e-08 0.256805145698654
1e+06 0 0.0003380178909441 0.000436392506820038 2.12609441901883e-07 1.4677328073848
1e+06 0 0.000359749132611139 0.000479208090271921 2.54489705872532e-07 1.65740254840711
1e+06 0.3125 0.000215283814280868 0.000178316792282646 4.76219911793444e-08 0.359114078048661
1e+06 0 0.000323728524292315 0.000416226912895388 1.9441016112064e-07 1.3399730658325
1e+06 0.953488372093023 0.000313262273522576 7.00654615787712e-05 6.74905248791131e-09 0.128908159219471
1e+06 0 0.000315294603704609 0.0003107989505936 1.0752762607841e-07 0.842350575511977
1e+06 0 0.000315294603704609 0.000329302993118091 1.1756725091078e-07 0.954911486408892
1e+06 0.724137931034483 0.000255716822585412 0.000107409514181627 2.19113742806517e-08 0.261223121538313
1e+06 0 0.000333331335074553 0.000386363249305876 1.6342086676567e-07 1.1443031897916
1e+06 0.42 0.000226210880761005 0.000157022891642225 3.34219878266109e-08 0.236282282666386
1e+06 0.681818181818182 0.000239677990297998 0.000139238241317001 3.95991155285026e-08 0.313472127374002
1e+06 0.928571428571429 0.000299480039527575 8.16570424516548e-05 8.96358407125595e-09 0.152604957561807
1e+06 0.0689655172413793 0.000480324272822386 0.000415851828140953 2.00815009144454e-07 0.933023400373956
1e+06 0.225 0.000328620007790654 0.000277551002172113 1.02729562511145e-07 0.324430551689169
1e+06 0 0.000327313842336788 0.000368290139800802 1.49804717304837e-07 1.05542523534499
1e+06 0.115384615384615 0.000248128741785494 0.000426619313457986 2.46854767779975e-07 0.423512979013705
1e+06 0.32 0.000188141134675607 0.000158937360021269 3.9127524660631e-08 0.371373082681767
1e+06 0 0.000373701795353222 0.000439190936524948 2.02883373520304e-07 1.34236979981732
1e+06 0 0.00027157845814685 0.000235399079782235 7.59746295754781e-08 0.63106212031236
1e+06 0.466666666666667 0.0002946433829857 0.000145032839554418 2.7634765326457e-08 0.306302558704293
1e+06 0.511627906976744 0.000366952253616171 0.000142438234154585 2.76705373469285e-08 0.316833197885692
1e+06 0.228571428571429 0.000173675770500165 0.000187820645363998 4.26152424258307e-08 0.401772417555576
1e+06 0 0.00030604255948685 0.000304591127673602 1.00864218897226e-07 0.809636011345389
1e+06 0 0.000288619471816152 0.000341537176460518 1.40057247802618e-07 1.08875786409441
1e+06 0 0.000328994840114142 0.000390028879545403 1.65892361070492e-07 1.18262078699331
1e+06 0.607843137254902 0.000380965997993441 0.000156895001488308 3.06997190779853e-08 0.292170416763755
1e+06 0 0.000443233310696649 0.0003663342223773 1.42890525876949e-07 0.821118707950245
1e+06 0.58 0.000416103071658023 0.000163399763435955 4.26481363304435e-08 0.304509323392074
1e+06 0.35 0.000310132926315023 0.000257451162064684 9.88094893617591e-08 0.62128578937833
1e+06 0 0.000338593802717419 0.000431266538754826 2.08959636044449e-07 1.41797283000307
1e+06 0.333333333333333 0.000301460555469814 0.000209544843895204 6.50850583229849e-08 0.440382825326629
1e+06 0 0.000347887574493489 0.000480557706806323 2.65101015027447e-07 1.69582162669982
1e+06 0 0.000321142528215392 0.000330950390813123 1.17838063952795e-07 0.955842945160673
1e+06 0.475409836065574 0.000310530353092086 0.000168281134958553 3.93770004619615e-08 0.210131233014806
1e+06 0.862068965517241 0.000399542405079485 9.77532419026e-05 1.99085880327266e-08 0.128070583813829
1e+06 0.739130434782609 0.000222317755364469 0.000122566789263956 4.72185694911136e-08 0.250178139480277
1e+06 1 0.000372567134695516 7.04786811153111e-05 6.84244280258764e-09 0.127766292725366
1e+06 0.125 0.000289935542358551 0.000301135446660579 1.23347871325979e-07 0.833034944497144
1e+06 0 0.000358505458143929 0.000355670447991347 1.30576085049698e-07 0.963579955609456
1e+06 0 0.00038534309492276 0.000457256123791275 2.28876076273948e-07 1.3720305848467
1e+06 0.0458015267175573 0.000290198988618218 0.000944028678682762 1.3486764932288e-06 0.52028777215471
1e+06 0 0.000489082036362813 0.000385076200992157 1.75469246670331e-07 0.802871276512203
1e+06 0 0.000348031825882475 0.000458284840362712 2.40882047473571e-07 1.42558166414926
1e+06 0 0.000378941673860024 0.00035619008665507 1.30379130155306e-07 0.928173953284974
1e+06 0.25 0.000403480602514559 0.000224596304449384 6.31505514750544e-08 0.426933166266739
1e+06 0 0.000399422290701405 0.000392208068608332 1.58588301833739e-07 0.840632694676212
1e+06 0 0.000406973142061589 0.000519598353450203 2.92757080631122e-07 1.63824121912916
1e+06 0.148148148148148 0.000282137269285312 0.000333427113448381 1.47545988733952e-07 0.345288667229207
1e+06 0 0.000372171830969733 0.000492453664083078 2.66739363025765e-07 1.65987007618596
1e+06 0.3 0.000236075902214052 0.0001717668522691 3.98468579848683e-08 0.261574387013431
1e+06 0.354838709677419 0.000274772953952007 0.000226720855055839 8.55162090094863e-08 0.429021380482822
1e+06 0 0.000384251364350606 0.000377521043810869 1.45365749898652e-07 0.933924454303566
1e+06 0.0410958904109589 0.00028660966852231 0.000357998390235742 1.63507836500882e-07 0.404224185485479
1e+06 0.95 0.000283110100070024 5.52973417738307e-05 5.30702499263688e-09 0.13584103032585
1e+06 0 0.000360198897120864 0.000471956367145822 2.45016789368463e-07 1.55735744441129
1e+06 0.930232558139535 0.000277931349193658 6.19366326632177e-05 5.35074865474267e-09 0.141721063380837
1e+06 0.935483870967742 0.00023624667522236 6.81443934617379e-05 1.04990915336911e-08 0.136761923848502
1e+06 0 0.000365390771307561 0.000516829693267917 3.07572166397719e-07 1.82128950607394
1e+06 0.478260869565217 0.000285459162844353 0.000244711377080399 1.06498352193645e-07 0.528032901171908
1e+06 0.3 0.000339710739209548 0.000266370846381893 1.00923842430915e-07 0.653762527748944
1e+06 0.208333333333333 0.00029716935368003 0.000304072113355609 1.31918410004645e-07 0.695510509541397
1e+06 0 0.000395302769391396 0.000441907112299576 2.22457000795253e-07 1.27675045201803
1e+06 0 0.000416103071658023 0.000475227761925301 2.32981847550407e-07 1.34733801539838
1e+06 0 0.000358936242285405 0.000494813752824629 2.81479286336712e-07 1.65181167372438
1e+06 0 0.000344562876625867 0.000472061811096157 2.52634460045662e-07 1.71055047242004
1e+06 0.74468085106383 0.000231352910684612 0.000108538605746768 1.43100705257371e-08 0.203444139591811
1e+06 0 0.000383362960017739 0.000398833332385179 1.64858589386078e-07 1.06020764363051
1e+06 0.409090909090909 0.000275631693210082 0.000222671222111724 9.15053578138485e-08 0.487172648425283
1e+06 0 0.000272744882824484 0.000288204455726417 1.01341905742082e-07 0.844632139762426
1e+06 0 0.000290969164038252 0.000362193604161758 1.59758060580503e-07 1.12270533496033
1e+06 0.277777777777778 0.000398290109431442 0.000258542425964632 8.79554369241665e-08 0.470645075008859
1e+06 0 0.000292233690553077 0.000261921065706939 7.97428778166914e-08 0.63096510220309
1e+06 0 0.000332389988226256 0.0002922931767659 8.98310046173284e-08 0.752654221165254
1e+06 0 0.000433174284280359 0.000414953496602868 1.87088110004472e-07 1.02708259305464
1e+06 0 0.000329494479895306 0.000374320856590397 1.51985877829486e-07 1.04114071576891
1e+06 0.5 0.000274897558370393 0.000164534717234618 3.55289584493129e-08 0.388609145905769
1e+06 0 0.000488857963504175 0.00057432437557312 3.49028290552706e-07 1.55095270299869
1e+06 0.875 0.000249751347905541 8.64209551821966e-05 2.07018160385004e-08 0.167976663407219
1e+06 0.533333333333333 0.00024190680961286 0.000175384408687399 5.8153032722681e-08 0.337966041562687
1e+06 0 0.000285476324892497 0.000292434944155488 1.10828478401901e-07 0.827477276038873
1e+06 0 0.000315504801071807 0.000280905079798455 8.29172194408359e-08 0.726595567294419
1e+06 0.794117647058823 0.000262263647381666 8.77395224896385e-05 1.12363012782916e-08 0.193649245689313
1e+06 0 0.000315294603704609 0.000271527076818111 8.11096677846682e-08 0.7441797793733
1e+06 0 0.000495012408304719 0.000529541120714459 2.95595115101171e-07 1.2408644345021
1e+06 0 0.000440741245665649 0.000490928449394214 2.62091932737006e-07 1.35800040104079
1e+06 0 0.000344562876625867 0.000471011306136034 2.51041686504125e-07 1.70723200520913
1e+06 0.212765957446809 0.000221360718497807 0.000200951385532255 4.93839463987241e-08 0.364304408786313
1e+06 0 0.000274813283680481 0.000239294354043924 7.2150786124217e-08 0.603005164403581
1e+06 0.454545454545455 0.000217095819636312 0.000139218231879535 2.61171429054904e-08 0.255372249448033
1e+06 0 0.000294399124894952 0.000352105592719576 1.38926212045682e-07 1.16787093147901
1e+06 0.133333333333333 0.000260738013728298 0.000268285761797864 1.06660699811591e-07 0.757578760957853
1e+06 0.792452830188679 0.000263587692930854 6.34667500669976e-05 6.59855378911992e-09 0.12700157648062
1e+06 0 0.000353054392849525 0.000322433346399349 1.20310779771807e-07 0.833876491335229
1e+06 0 0.000372479276521224 0.000456444093647019 2.19743116804743e-07 1.42378499757461
