1e+06 0.275 0.000413111730427134 0.000272727967525063 7.84279216426368e-08 0.620435053435502
1e+06 0.68 0.000258713061424405 0.000161569412878764 4.9315113593435e-08 0.342418353410738
1e+06 0.431372549019608 0.000258713061424405 0.000144751484384471 2.61321352589928e-08 0.230051038845867
1e+06 0 0.000344562876625867 0.000472061811096157 2.52634460045662e-07 1.71055047242004
1e+06 0.780487804878049 0.000271134211797687 0.000119820908091001 2.45782909733224e-08 0.191952071084897
1e+06 0.694444444444444 0.000230951073226845 0.000134019237721867 3.54700928005018e-08 0.220843159727662
1e+06 0 0.000344562876625867 0.000472061811096157 2.52634460045662e-07 1.71055047242004
1e+06 0 0.000359749132611139 0.00047924756481644 2.54602701082764e-07 1.65746710612273
1e+06 0.32 0.000188141134675607 0.000168410805985644 4.7289798815716e-08 0.387615330917131
1e+06 0 0.000340581508373847 0.000449514196788339 2.24957169197121e-07 1.55570354000416
1e+06 0 0.000372221506269708 0.000510610049544939 2.94986980710007e-07 1.7098407267385
1e+06 0.530612244897959 0.000256167549401227 0.000115340766715501 1.46729845313252e-08 0.225706192434275
1e+06 0 0.000390011401234504 0.000455628967848032 2.19649880114511e-07 1.41688519174441
1e+06 0.689655172413793 0.000248468308439202 0.000104100601917783 2.00365625463428e-08 0.258368837836324
1e+06 0.796296296296296 0.000360692960554618 9.42567039153729e-05 1.14592334671252e-08 0.192387800858886
1e+06 0.923076923076923 0.000296124115772152 7.17889970110179e-05 1.06290475503043e-08 0.1254624464395
1e+06 0.333333333333333 0.000315244130677282 0.000262679635797575 1.03972979091089e-07 0.61681520202758
1e+06 0.569230769230769 0.000216892241162565 0.000191117100098724 5.63391397159704e-08 0.250358333868381
1e+06 0 0.000438476813866399 0.000363851069779668 1.40278193084016e-07 0.84868704038911
1e+06 0.036144578313253 0.000216244490933092 0.000480449292182144 2.92150829700787e-07 0.485499644896421
1e+06 0.14 0.00021501716150904 0.000185868145146795 3.81119217410914e-08 0.329744972518859
1e+06 0 0.000343590034352624 0.000464226406172936 2.44360576580645e-07 1.55742739783359
1e+06 0.701754385964912 0.000413263829648179 0.000127434285450799 2.03984403305936e-08 0.234820148424297
1e+06 0.897435897435897 0.000307746311938046 7.45284723726842e-05 8.09824264113568e-09 0.16254708134471
1e+06 0.0309278350515464 0.000336877368805914 0.000560400486604367 4.86613383098627e-07 0.429252672352443
1e+06 0.533333333333333 0.000278967443372147 0.000134643401294269 2.54542411130292e-08 0.280958410043853
1e+06 0.0789473684210526 0.000373516528543082 0.000229909475021556 5.68033934403335e-08 0.457923263341895
1e+06 0.210526315789474 0.000177780324672058 0.000199928456539774 4.70261705779057e-08 0.404951862870152
1e+06 0.754716981132076 0.000326336041574948 7.51070614729958e-05 7.86845997716575e-09 0.141571876193163
1e+06 0.492753623188406 0.000315294603704609 0.000225035857898318 9.03486955495568e-08 0.215703250028768
1e+06 0.0875 0.000283456302854527 0.000415954369575022 2.52719094937501e-07 0.397036068695543
1e+06 0.480769230769231 0.000372393358659187 0.000196354221923953 4.83965484196198e-08 0.435120690807816
1e+06 0 0.000324385732163862 0.000390851136688469 1.87283768112846e-07 1.05712270166118
1e+06 0.142857142857143 0.000305345682827338 0.000345217980485345 1.66589057867457e-07 0.995458574613265
1e+06 0 0.000360032960160199 0.000502350548028434 2.92111547514208e-07 1.72194413977684
1e+06 0.246376811594203 0.000247058989097744 0.000338939859015801 1.69161759270394e-07 0.361243210330769
1e+06 0.585714285714286 0.000360101555610081 0.000157391307695569 3.82478047987529e-08 0.182896481103604
1e+06 0.419354838709677 0.000193661210165898 0.000134665177898823 2.37377498812461e-08 0.306908767083622
1e+06 0 0.00035845182607711 0.00041617406022001 1.87757848727852e-07 1.25595008711479
1e+06 0.0204081632653061 0.000299480039527575 0.00133855862970021 2.56760691924914e-06 0.684436417648009
1e+06 0.432432432432432 0.000215384989905223 0.00012442648938788 1.87794287135256e-08 0.253111654515219
1e+06 0.419354838709677 0.000273509165308679 0.000163337654540653 3.16374753470265e-08 0.243544929726659
1e+06 0.552631578947368 0.000339359710734519 0.00015613022040562 2.92315739503375e-08 0.300439905950823
1e+06 0.661764705882353 0.000321951089319536 0.00017494055959329 4.94154438204195e-08 0.203765283184867
1e+06 0.833333333333333 0.000284186407755376 8.46020399847792e-05 9.90627708959641e-09 0.175636812132685
1e+06 0 0.000420109256679712 0.000470429992696188 2.37429592190021e-07 1.30634238656427
1e+06 0.397260273972603 0.000349562638688016 0.000255202893913196 1.08512588781066e-07 0.274860130255826
1e+06 0.3125 0.000397723158249216 0.000317845210565624 1.43088868710119e-07 0.604299007558853
1e+06 0 0.000336647911396402 0.00039346067686512 1.70120633877761e-07 1.20740303436692
1e+06 0 0.000383197086039896 0.000483132539608574 2.56947381994127e-07 1.55387423927355
1e+06 0.166666666666667 0.000304490699718365 0.000344493991683227 1.66138881416791e-07 1.05151718183415
1e+06 0.162162162162162 0.000376180587428063 0.000275006667228122 7.8881076307621e-08 0.64457529373527
1e+06 0 0.000284436515401808 0.000269940668640916 1.00073503287465e-07 0.749173341929225
1e+06 0 0.000441617240095173 0.000371084255724285 1.42757449052614e-07 0.878466061259536
1e+06 0.28 0.000375599483602682 0.000277959379556512 1.04426101229495e-07 0.619686203472763
1e+06 0.0958904109589041 0.000241551834490121 0.000463979113807261 2.98586043456118e-07 0.482132242353831
1e+06 0.0727272727272727 0.000226210880761005 0.000302924946468884 1.12438193691176e-07 0.438448691307195
1e+06 0.606060606060606 0.000262702901444547 0.000137940410318261 3.20939840522628e-08 0.252161114408502
1e+06 0.0405405405405405 0.000242909366929297 0.000423228664747682 2.2529551898111e-07 0.466971728964208
1e+06 0.583333333333333 0.00026943290357223 0.000162528104042002 3.62091639228701e-08 0.218324448960464
1e+06 0.209302325581395 0.000400618645423018 0.000270460656182812 7.94449805304225e-08 0.606526303653815
1e+06 0.0512820512820513 0.000219574487326511 0.000441200525350641 2.49771569990789e-07 0.452885707076273
1e+06 0.553191489361702 0.000194951176995519 0.000127544827943392 2.60473960334957e-08 0.259370714380941
1e+06 0 0.000365390771307561 0.000516829693267917 3.07572166397719e-07 1.82128950607394
1e+06 0.371428571428571 0.000241420144377614 0.000204759896725395 5.83884306421256e-08 0.268487240519518
1e+06 0.3 0.000339710739209548 0.000274380460712647 1.08832972099204e-07 0.669713954841155
1e+06 0.117021276595745 0.000274877533881443 0.000582545865295837 5.03652354207081e-07 0.4538747655428
1e+06 0.1 0.000418437222129387 0.000307352456967555 1.07219561197839e-07 0.688121076629145
1e+06 0 0.000387610058978948 0.000531250540658507 3.18906917850571e-07 1.77777919527161
1e+06 0 0.00036502122043628 0.000511285443106582 3.030909918648e-07 1.75134039691898
1e+06 0 0.000349621385298104 0.00048270922474944 2.66764007596083e-07 1.70414121935509
1e+06 0.264705882352941 0.000173326399547179 0.000182802007354184 4.200487087721e-08 0.384697488702972
1e+06 0.4 0.000302909106298315 0.000191860223373973 5.47291080792565e-08 0.416398495382625
1e+06 0.183333333333333 0.000258985269568045 0.000227385345652854 6.33668660243112e-08 0.315603164114963
1e+06 0 0.00028150958104256 0.000297668137870305 1.02036385401767e-07 0.900411703374193
1e+06 0.8 0.000307235760306307 0.00012382008367017 2.30488521701816e-08 0.157335715835067
1e+06 0.790697674418605 0.000258713061424405 8.87407746510784e-05 1.19083229977763e-08 0.150120216735002
1e+06 0.405405405405405 0.000348065149587434 0.000237039692491587 6.15047318788296e-08 0.582907104860091
1e+06 0.25 0.000315294603704609 0.000226699839694334 5.64028954872475e-08 0.605596091099608
1e+06 0 0.000279258669913362 0.000331138825627046 1.33797721087942e-07 1.03302592832485
1e+06 0 0.00030096535879375 0.00026585232830962 7.92030800545321e-08 0.704499438945237
1e+06 0 0.000356191844905843 0.000361748198589149 1.39378592409915e-07 0.890921139176082
1e+06 0.128205128205128 0.000469325181796584 0.000406952461420557 1.83336305504988e-07 0.923466469613636
1e+06 0.806451612903226 0.000228131787447883 9.47487068214102e-05 1.8592891199207e-08 0.170141073684187
1e+06 0.0309278350515464 0.000315294603704609 0.000496535650067346 3.3985302510675e-07 0.418967209156612
1e+06 0.210526315789474 0.000262429329799667 0.000222324205727342 7.24941652228296e-08 0.574222607191172
1e+06 0.619047619047619 0.000244507415891758 0.000191890445399251 5.97178241978738e-08 0.466068862331147
1e+06 0.620689655172414 0.000259893512833047 0.000181840598602281 6.94318745034181e-08 0.327176435117258
1e+06 0.769230769230769 0.000206924513635245 0.000116887688640429 3.33205736648768e-08 0.232504747433307
1e+06 0 0.000347130133879491 0.000471120295611215 2.51394430243694e-07 1.58054983221114
1e+06 0.038961038961039 0.000192722328797203 0.000584501606200271 4.36280400683137e-07 0.608736019841687
1e+06 0 0.000344562876625867 0.00047080204674895 2.50726253158169e-07 1.70657097033449
1e+06 0.0263157894736842 0.000235870336601437 0.000928639294884617 1.13278710562449e-06 0.651612710890838
1e+06 0 0.00031483912912934 0.000319473700569072 1.20609891912707e-07 0.805012871826244
1e+06 0.942857142857143 0.000263736911291887 7.74919246576807e-05 1.17976895346395e-08 0.167856432159308
1e+06 0 0.000359180932996413 0.000456495522896729 2.28988005749126e-07 1.40019238889755
1e+06 0.535714285714286 0.000267516050812109 0.000202375103877393 7.09849093500196e-08 0.398718279581194
1e+06 0.615384615384615 0.00022982055644702 9.82160589572657e-05 1.43314309108443e-08 0.191342430229039
1e+06 0.433333333333333 0.000279634006573111 0.000224821929446775 8.30812830970315e-08 0.269988239040118
1e+06 0 0.00041658947942972 0.000518110100409176 2.86728672641886e-07 1.64313070273152
