1e+06 0 0.000358494308057652 0.000327292853107647 1.10179345690961e-07 0.763561686043619
1e+06 0.538461538461538 0.000257884023725055 0.000172861317519594 5.50024495207469e-08 0.36112564943139
1e+06 0.44 0.000217892601182131 0.000142326783714536 2.66579529952549e-08 0.257166766648136
1e+06 0.32 0.000317598989319616 0.000189358049849463 5.13113797191304e-08 0.419256207859396
1e+06 0 0.000299908560291369 0.000355530260854654 1.67180086622125e-07 1.15674526476497
1e+06 0.615384615384615 0.000271280633177166 0.000138134923630117 3.26486151661697e-08 0.302896041381664
1e+06 0 0.000341124073860052 0.000452975989643915 2.40863981297692e-07 1.27519804470252
1e+06 0 0.000491055068917073 0.000564999045043346 3.34867619891312e-07 1.51678501917854
1e+06 0.307692307692308 0.000350882792479368 0.000248163352090255 9.32024407069387e-08 0.278643762468764
1e+06 0.5 0.000247082049124009 0.00022801546453836 8.44518454465029e-08 0.649073489929594
1e+06 0.666666666666667 0.000365167655853351 0.000133171976151795 2.38533755474652e-08 0.264189248586321
1e+06 0 0.000361201471966873 0.000499911110096253 2.84205990208827e-07 1.76604990320779
1e+06 0.1 0.000236390034905523 0.000248487497188662 6.84035976136884e-08 0.371051075064242
1e+06 0.758620689655172 0.00023624667522236 9.45974899370796e-05 1.6626547783712e-08 0.224352200141021
1e+06 0.629032258064516 0.00033642404985124 0.000144258962882998 3.48722366203151e-08 0.173700579173121
1e+06 0.0972222222222222 0.000226210880761005 0.000364806285627631 1.67757594869173e-07 0.409730998026296
1e+06 0.833333333333333 0.00022625067460865 9.5143208766642e-05 2.40200941544522e-08 0.209154128293878
1e+06 0.560606060606061 0.000233227560217552 0.000163038086661132 4.44600944815265e-08 0.207864485362939
1e+06 0.137931034482759 0.000449719229798086 0.00034572349888573 1.42960956944637e-07 0.764203827918356
1e+06 0.0357142857142857 0.000218481669934214 0.000476141970276324 2.88364768552973e-07 0.476498535063556
1e+06 0.5 0.000257137644468352 0.000198570181857345 6.8938888800463e-08 0.497349066841232
1e+06 0.0260869565217391 0.000210341193546268 0.000985417692448163 1.36317044461142e-06 0.648179586212098
1e+06 0.55 0.000292476194349469 0.000144571722391116 2.5839953242487e-08 0.28137412549833
1e+06 0 0.000383083308318539 0.000457875209693992 2.19702969671883e-07 1.43030695491999
1e+06 0.0315789473684211 0.000332389988226256 0.000546642967994369 4.56925334101304e-07 0.434030077951678
1e+06 0.754385964912281 0.000264339662044796 8.46144958522958e-05 1.06777282387164e-08 0.148808824497004
1e+06 0.507246376811594 0.000315922026289714 0.000211311449701006 7.4990861620429e-08 0.213014054109464
1e+06 0.402985074626866 0.000259947825349114 0.000207466119146672 5.62327205241786e-08 0.325001941574401
1e+06 0.174603174603175 0.000236248812528086 0.000250909275811415 7.82680804725111e-08 0.312788304270143
1e+06 0 0.000307226614551004 0.000404990819224843 2.03189052500397e-07 1.31012462768169
1e+06 0 0.000320615484827823 0.000380320060375796 1.58635790841526e-07 1.17583554838602
1e+06 0 0.000297031104340503 0.000359294317082627 1.47696591710402e-07 1.12980918657792
1e+06 0.735294117647059 0.000290330007165673 0.000148233613066758 2.79238890251967e-08 0.180913292223507
1e+06 0.368421052631579 0.000299480039527575 0.00035161418227479 2.03232446614615e-07 0.327003374586758
1e+06 0.25 0.000352146429255543 0.000254275866825502 8.7265112397342e-08 0.581278487940996
1e+06 0.711538461538462 0.000300706427966534 0.000123353676920055 2.14214024522901e-08 0.191381140889184
1e+06 0.518518518518518 0.0002851974791862 0.000150356481968552 3.51880085187681e-08 0.316729514887394
1e+06 0 0.000371692200196965 0.000508346007299586 2.91342703820486e-07 1.75087185888869
1e+06 0.566666666666667 0.00027806839891195 0.000135627171074969 3.18710699964844e-08 0.251074669151026
1e+06 0.592592592592593 0.000280255962374997 0.000129756187731005 2.35160567072099e-08 0.188914409446439
1e+06 0.435483870967742 0.00028227690901614 0.000166151520517997 3.64683763503566e-08 0.259832452503258
1e+06 0.76 0.000298562754460083 7.19201724236724e-05 7.87431143352354e-09 0.161501794697544
1e+06 0.215909090909091 0.000271280633177166 0.000487478217622934 3.49143946543926e-07 0.404915477611122
1e+06 0.0869565217391304 0.00033382251339607 0.000300002896251627 1.07796125538511e-07 0.73011274354916
1e+06 0 0.00040822234394611 0.000512213914136512 2.80521170773061e-07 1.6240580119726
1e+06 0 0.000314078660637139 0.000287223719686074 1.05839465476503e-07 0.749185290730778
1e+06 0.0217391304347826 0.000301332515607325 0.00106018821491998 1.67162597190586e-06 0.566578479888484
1e+06 0.933333333333333 0.000357913828613957 9.76947792475996e-05 1.29913835852276e-08 0.179798962585267
1e+06 0 0.000370901805515703 0.000346874939416622 1.23654362929914e-07 0.855746469955323
1e+06 0 0.000344562876625867 0.000472061811096157 2.52634460045662e-07 1.71055047242004
1e+06 0.688888888888889 0.000350882792479368 0.000110855484577404 2.11458846611615e-08 0.245693355004652
1e+06 0 0.000368012210935798 0.000432499194370926 1.99437379089856e-07 1.23027379675857
1e+06 0.135593220338983 0.000257207882859874 0.000228139689702605 6.58440447830375e-08 0.312538611339749
1e+06 0.107142857142857 0.000302870099476158 0.000447568455674506 2.79135020043384e-07 0.413677574887424
1e+06 0 0.000363405556796684 0.00049872075130002 2.80101019912316e-07 1.71919985970216
1e+06 0.125 0.000242909366929297 0.000431837692348549 2.61864723644157e-07 0.447597777871946
1e+06 0.0727272727272727 0.00023624667522236 0.000286686424322296 9.97499590992798e-08 0.419107989591428
1e+06 0.645161290322581 0.000255249779196709 0.000151702583772899 3.70423383651661e-08 0.292848703076517
1e+06 0.0416666666666667 0.000247058989097744 0.000400160861508826 1.98630920988877e-07 0.456587457991677
1e+06 0.457627118644068 0.000416103071658023 0.00024615713475156 8.36852775263312e-08 0.519018847867471
1e+06 0 0.000408421767009566 0.000547919995804724 3.33350465576712e-07 1.79965512384338
1e+06 0.075 0.000222635362957813 0.000474115674637586 2.95783715374094e-07 0.466690917435378
1e+06 0.66 0.000214538579983491 0.000132517178828979 2.28331610155526e-08 0.230196839277975
1e+06 0 0.000365390771307561 0.000516829693267917 3.07572166397719e-07 1.82128950607394
1e+06 0.702702702702703 0.000350882792479368 0.00012774746029799 2.22683846437724e-08 0.240011808639214
1e+06 0.368421052631579 0.000314444570880094 0.00026710264924925 1.10089159374935e-07 0.658071801495672
1e+06 0 0.000286185259317096 0.000305255463745554 1.08518279388099e-07 0.807223289712902
1e+06 0 0.000334273310969489 0.000401112287736627 1.98163240878947e-07 1.2561972753385
1e+06 0.41025641025641 0.000268517951027286 0.000169722630912474 4.1825693721414e-08 0.321337404509731
1e+06 0.526315789473684 0.000255051379614773 0.00018776278871544 7.28095628464592e-08 0.437732917003448
1e+06 0 0.000362476919309177 0.000485041543430251 2.64834379198117e-07 1.6257417034279
1e+06 0.0205479452054795 0.000315294603704609 0.00118179885221991 1.99689784500165e-06 0.617583938789818
1e+06 0 0.00039517162512153 0.000505145925634547 2.73205820666948e-07 1.4942300355569
1e+06 0.608695652173913 0.000248393791308249 0.000176776525176587 6.86711138759691e-08 0.3692833086145
1e+06 0 0.000262837142150063 0.000269833679018508 8.78038300570603e-08 0.817392988356126
1e+06 0 0.000289419356191496 0.000351163367553499 1.45832583723454e-07 1.1260454023096
1e+06 0.25 0.00042487857284036 0.000263151222099814 9.31325312865061e-08 0.529798734778599
1e+06 0 0.000306162210644472 0.000290798444807923 9.1674117159076e-08 0.697762315731241
1e+06 0 0.000351195454563829 0.000384766032873405 1.52204737216145e-07 1.02146268011111
1e+06 0 0.00046215807630304 0.00048251738350122 2.46851377212791e-07 1.21031044130469
1e+06 0.595238095238095 0.000214205334031248 0.000132465726886658 2.41597240416331e-08 0.224826146042575
1e+06 0 0.000340205378684271 0.000422330386415905 1.94475706814599e-07 1.1054618361054
1e+06 0.596153846153846 0.000361420688844842 0.000171692585370412 4.0886112790958e-08 0.403965990226077
1e+06 0.567567567567568 0.000225935843015142 0.000105933542624355 1.40734680751285e-08 0.246907897818492
1e+06 0.456140350877193 0.0002269677354921 0.000128825921714209 2.41975108377226e-08 0.241316099139869
1e+06 0 0.000324458732093978 0.0003812575475906 1.86494333608208e-07 1.02103267745655
1e+06 0 0.000343626588337618 0.000436764647322754 2.0970223185973e-07 1.41032298780971
1e+06 0.114285714285714 0.000277354750384172 0.000251653748894096 7.47882830226626e-08 0.3201530733284
1e+06 0.724137931034483 0.000217981807092945 0.000139025892564469 4.28174644530737e-08 0.256580215429423
1e+06 0 0.000372174407478886 0.000461265041538955 2.33273438965872e-07 1.3848094099059
1e+06 0 0.000402992733296924 0.000400034461647911 1.75504881458846e-07 1.05901382258264
1e+06 0 0.000342232590524379 0.000463187048209724 2.41923827263079e-07 1.67986913740955
1e+06 0.0819672131147541 0.000223816185720665 0.000295368619743327 1.0158515981928e-07 0.410986923571928
1e+06 0 0.000280826054376692 0.000290176804838194 1.06969005899159e-07 0.844678817622882
1e+06 0.25 0.000209920735188142 0.00024183956875553 6.92793018652382e-08 0.377648806269087
1e+06 0 0.00036472343326465 0.00045773985500368 2.26102603842356e-07 1.3224552428381
1e+06 0.617647058823529 0.000314253038315118 0.000138950328860503 2.49006725569396e-08 0.274728484060045
1e+06 0.269662921348315 0.000416103071658023 0.000377436104901854 2.47069498716468e-07 0.321468343704272
1e+06 0 0.000448330563822554 0.000521805877563708 2.88094805651962e-07 1.43772769110298
1e+06 0 0.000428129069681245 0.000549462111197825 3.28228648550466e-07 1.77402584190503
