1e+06 0 0.000392583517414173 0.000429053543621754 1.91101534421659e-07 1.14587423527506
1e+06 0 0.000261433847620091 0.000267388585281233 1.01135751472773e-07 0.826389654556275
1e+06 0.192307692307692 0.00022805704279006 0.000203960263330046 5.03021445888394e-08 0.317717884303246
1e+06 0 0.000458139311920735 0.000600950599911187 3.98765429049511e-07 1.8853383257297
1e+06 0 0.000311408174558103 0.00038710394217207 2.03767961454598e-07 1.22296383742001
1e+06 0.807692307692308 0.00023624667522236 0.000106504844132947 3.25966816702939e-08 0.217361947983824
1e+06 0 0.000352602613359145 0.000467858034131496 2.43324386694448e-07 1.61778457639362
1e+06 0 0.000367105633644494 0.000491357131599713 2.67848508169553e-07 1.6983589964007
1e+06 0.673076923076923 0.000361951117720805 0.000115161896238334 1.70919947406853e-08 0.229788277032188
1e+06 0 0.000304787430060511 0.00038669760993148 1.70988910560351e-07 1.27430387772504
1e+06 0 0.000375653881485933 0.000515948036330998 3.00371277844224e-07 1.77652049984289
1e+06 0.272727272727273 0.000287970281414737 0.000230698045558451 7.47033799854589e-08 0.557798677151748
1e+06 0 0.000390011401234504 0.000467997485733821 2.33746614452874e-07 1.45002469331159
1e+06 0.777777777777778 0.000283423173957203 0.000138315442730145 2.854327602637e-08 0.327672920425753
1e+06 0.125 0.00028570523403964 0.000270624092953907 9.66104711946785e-08 0.756454092188722
1e+06 1 0.000284840648576678 5.70940940989504e-05 4.30235995653804e-09 0.1019289604977
1e+06 0.833333333333333 0.000226210880761005 8.99271889345357e-05 2.24379870428603e-08 0.199237633847056
1e+06 0.0714285714285714 0.000331480760251097 0.00038778914565894 2.00912002697074e-07 1.12730463370066
1e+06 0.0344827586206897 0.000345618569368326 0.00025159898813215 6.90788908777951e-08 0.578691267216355
1e+06 0 0.000342288618607212 0.000440509482965226 2.27243356907263e-07 1.43153663406096
1e+06 0.038961038961039 0.000258713061424405 0.000359334752466132 1.50785895418745e-07 0.414375019225247
1e+06 0 0.000401608301927754 0.000481078334659545 2.46978904684212e-07 1.30959098523997
1e+06 0.294117647058824 0.000247260644590431 0.000215299389960252 7.10377290539205e-08 0.581958012669264
1e+06 0 0.000376923368343901 0.000432421433720996 1.98656197296179e-07 1.28720482080222
1e+06 0.321428571428571 0.000261119351182895 0.000169081157841631 4.23378564259631e-08 0.359158221863931
1e+06 0.423076923076923 0.000297071538918951 0.000208592139396397 7.16878601182076e-08 0.421993466248055
1e+06 0.272727272727273 0.000257460485043407 0.000520757286119196 4.26054799650003e-07 0.406023144711657
1e+06 0.75 0.000258357889242647 0.000132628241238106 3.46000569294872e-08 0.28893854376958
1e+06 0 0.000375801953299927 0.000438891136765112 2.03389961385761e-07 1.36672793453024
1e+06 0.125 0.000326063684393167 0.000329182787769991 1.41722554861897e-07 0.914661136006287
1e+06 0 0.000366001995834249 0.000434346653431757 1.98719671010329e-07 1.38570951131871
1e+06 0 0.000322416868899894 0.000379621257598737 1.63755962658604e-07 1.13193565215287
1e+06 0 0.000334878799410907 0.000342565932020824 1.36650160311027e-07 0.898487022972451
1e+06 0 0.000343851461675592 0.0004685091902971 2.49919513098616e-07 1.65665078819181
1e+06 0.333333333333333 0.000304680438695828 0.000225155263612277 7.61445069012035e-08 0.532404470785684
1e+06 0 0.00035976382232188 0.000466736759301204 2.52537425144417e-07 1.51893607538547
1e+06 0 0.00027458427061438 0.000298816571677392 1.10474214783115e-07 0.839874664996416
1e+06 0.52 0.000279232434736025 0.000169140086485145 4.6350762558565e-08 0.354615581871995
1e+06 0 0.000315344665181188 0.000384269576455573 1.61797087674798e-07 1.22045679397833
1e+06 0.203125 0.00028660966852231 0.000259775436306156 9.07819105112383e-08 0.309649478023633
1e+06 0.459459459459459 0.000217509268433622 0.000116949729215497 1.79591466071681e-08 0.22281342187846
1e+06 0.628571428571429 0.000269881933874214 0.00011836337832373 1.87822912507452e-08 0.242634847117771
1e+06 0.414634146341463 0.000393187873484648 0.000200360623329935 4.7260163894374e-08 0.365259082336571
1e+06 0.135802469135802 0.000245564472412089 0.000374545740626777 1.77044760707865e-07 0.378503403167968
1e+06 0 0.000332389988226256 0.000302359513853883 9.45861048800724e-08 0.735461188467434
1e+06 0 0.00029701998721571 0.000288056349967772 9.79877924181518e-08 0.784160063366366
1e+06 0 0.000300238936857937 0.000312490482830224 1.06384228918121e-07 0.917498071105808
1e+06 0 0.000436655274924476 0.000381697008148451 1.70660716195758e-07 0.833113784476203
1e+06 0 0.000324509672827077 0.000431159730899191 2.14265234853008e-07 1.44388541476868
1e+06 0 0.000319059056960291 0.000250686259868454 7.02073938717777e-08 0.613981201057592
1e+06 0.166666666666667 0.000290223464144352 0.000313373981329577 1.38828906622805e-07 0.956345036453551
1e+06 0 0.000378097237246907 0.000372847527806342 1.44862402083669e-07 0.865473064377649
1e+06 0.859649122807018 0.000339154391965785 9.7120021501745e-05 1.51586056345764e-08 0.125548047766332
1e+06 0 0.000388289397233026 0.000520582939998359 2.98334614962115e-07 1.67435823651499
1e+06 0.1875 0.000438591063580702 0.000336407494798357 1.4175196055325e-07 0.672492375596371
1e+06 0.196428571428571 0.000253800173763839 0.000229766465867266 6.86393419003052e-08 0.315906707812159
1e+06 0 0.000258631577826329 0.000236740029132794 7.61547326920146e-08 0.699639505034452
1e+06 0 0.000407060768237259 0.000417211129522628 1.85033518639315e-07 1.08040950819761
1e+06 0.04 0.000220306230360117 0.000449004306213245 2.51620332125486e-07 0.490125685353907
1e+06 0 0.000351367738956093 0.000487720202325258 2.72854187410296e-07 1.72146873661927
1e+06 0 0.000357482957327256 0.0003894237503185 1.58657840281857e-07 0.997205373772755
1e+06 0.0512820512820513 0.000247589175015648 0.000367454730879167 1.67026567797621e-07 0.390910273074815
1e+06 0 0.000331720435650751 0.000437276170791972 2.1672856982569e-07 1.43547350680721
1e+06 0 0.000344562876625867 0.000471308227413809 2.51490311672656e-07 1.70816995749105
1e+06 0.902439024390244 0.000284840648576678 7.29735483828532e-05 8.7798903443318e-09 0.125294143620186
1e+06 0.181818181818182 0.000288557452736038 0.00032144549751008 1.48361847081931e-07 1.0061974136124
1e+06 0 0.000284840648576678 0.000289488550866288 9.76273063853234e-08 0.8049334597239
1e+06 0.444444444444444 0.000262131201130733 0.000219576852102598 8.16635780423294e-08 0.55066500322694
1e+06 0 0.000438742910250159 0.000564656804268755 3.40237617434864e-07 1.67376300875624
1e+06 0 0.000492424475574854 0.000569818895489914 3.47711541671898e-07 1.59550857115943
1e+06 0 0.000301736082743962 0.00035517956001525 1.43607363125981e-07 1.09143467991012
1e+06 0.421052631578947 0.000260837976889576 0.000197433203869543 6.96713067378253e-08 0.477091943889962
1e+06 0 0.000368445186110824 0.000418210989826231 1.83487177096876e-07 1.18031071477089
1e+06 0 0.000302475620231536 0.000341621510870306 1.35208796842243e-07 1.06663443978833
1e+06 0 0.00027934552248991 0.000312668539112116 1.18933154148632e-07 0.934744586016045
1e+06 0 0.000291345415653723 0.000353898921363649 1.56745903204106e-07 1.03590617859756
1e+06 0.486486486486487 0.00039258939556675 0.000196498244427566 5.21590745180193e-08 0.380666716203579
1e+06 0.757575757575758 0.000277135883302632 0.000101820628299209 1.64614311050002e-08 0.245418343257557
1e+06 0 0.000319444014451515 0.000324738588231907 1.1348826684661e-07 0.891549772721303
1e+06 0 0.000442046959044981 0.000436266989175141 2.14823813655985e-07 1.05542609766708
1e+06 0 0.000332740254126737 0.000383233127044925 1.61258980101164e-07 1.15493185478505
1e+06 0 0.000363875484343209 0.000431898965244517 2.02281373539351e-07 1.09063216821809
1e+06 0 0.000357896531869275 0.000462852805847312 2.3300733031118e-07 1.42465399929075
1e+06 0.727272727272727 0.00027648761678298 0.000135179197590263 2.74787329677086e-08 0.280993109028957
1e+06 0.483870967741935 0.000291505685399357 0.000202636034190798 6.79443448133251e-08 0.382722950799176
1e+06 0 0.000285103276966442 0.000322465691928569 1.46170249696689e-07 0.914343491096111
1e+06 0 0.000328265596370679 0.000399176375164169 1.72678108755309e-07 1.3254798433343
1e+06 0 0.000326311806671975 0.000415986131373667 1.93752439404448e-07 1.16923020498962
1e+06 0.886363636363636 0.000305052795356915 9.8368229671456e-05 1.32198335523172e-08 0.165858886967913
1e+06 0.307692307692308 0.000359658368042079 0.000291322738706376 1.20058302254392e-07 0.6216994076107
1e+06 0.354838709677419 0.0003137832277736 0.000174758818925583 3.48651966471072e-08 0.448824565315145
1e+06 0 0.000344562876625867 0.000464884640792688 2.42644594970889e-07 1.68727013598715
1e+06 0.727272727272727 0.000250173811534275 0.000151883374807133 4.72020351281131e-08 0.340570553411207
1e+06 0 0.000291347971853559 0.000276023673025098 9.33819780330968e-08 0.707363009128561
1e+06 0.176470588235294 0.000280758292860107 0.000280933119295208 1.15307183862143e-07 0.747504928586821
1e+06 0 0.000340109397658695 0.000412120918020271 1.84145778611375e-07 1.1928330565621
1e+06 0 0.000365747158413386 0.000483025910040253 2.56195137507313e-07 1.62901304934714
1e+06 0.769230769230769 0.000272919658237205 0.000121156024216099 2.91242900555152e-08 0.203768262446868
1e+06 0.0909090909090909 0.000350770429310187 0.000313862264765176 1.16801490085462e-07 0.78754758726141
1e+06 0 0.000364969150017636 0.000443494114068534 2.07716965406647e-07 1.38340184506756
