1e+06 0 0.000390929739088808 0.000428453875778925 1.91531586850341e-07 1.18476212635086
1e+06 0.380952380952381 0.000288692646157208 0.000189761629773434 6.01334464650174e-08 0.446170405382645
1e+06 0.741935483870968 0.000267058479424332 0.000127213388839755 3.56270872404794e-08 0.220005585377573
1e+06 0 0.000460308957708369 0.000605966494537321 4.06340120707782e-07 1.8997007539485
1e+06 0 0.000299908560291369 0.000355530260854654 1.67180086622125e-07 1.15674526476497
1e+06 0.84 0.00023624667522236 8.85613867148243e-05 2.30586479592707e-08 0.189314397172832
1e+06 0 0.000352602613359145 0.000467858034131496 2.43324386694448e-07 1.61778457639362
1e+06 0 0.000359749132611139 0.000478190643015301 2.53022906682172e-07 1.65434021964353
1e+06 0.5 0.000379610621338545 0.00013940069443538 2.6999571117203e-08 0.26673156473495
1e+06 0 0.0003439545934767 0.000453200844946338 2.27772756069333e-07 1.5689007789194
1e+06 0 0.000394126566977526 0.000538550008129856 3.25053824023917e-07 1.80547507490721
1e+06 0 0.000363464339282979 0.000507041645581765 2.93673906073343e-07 1.78953187345787
1e+06 0 0.000425640924149855 0.00052804812349915 2.97938467785572e-07 1.67532711463153
1e+06 0.678571428571429 0.000252776481869331 0.000106081975363108 1.96154037756406e-08 0.273449226568102
1e+06 0 0.000388802863996798 0.000459118890143215 2.24190547009263e-07 1.4249974331757
1e+06 0.565217391304348 0.000247058989097744 0.000116482067380703 2.11765678140388e-08 0.179515582323676
1e+06 0.846153846153846 0.000217416096477056 9.2871272470156e-05 2.34093155037592e-08 0.194929299235941
1e+06 0 0.000352579031909552 0.000472001814168644 2.58783061803709e-07 1.53637501450414
1e+06 0.103448275862069 0.000419179167044821 0.000339483924358729 1.31445516173054e-07 0.788090441645432
1e+06 0 0.00034667688954302 0.000423678326569585 1.97697224083747e-07 1.33083087123698
1e+06 0 0.000336174264904235 0.000387430456303586 1.61439529551884e-07 1.12340817385652
1e+06 0 0.000364671857549552 0.000463196185864336 2.31520025679218e-07 1.50040255453994
1e+06 0 0.000358211519938592 0.000410253674587433 1.81212277758134e-07 1.21277594290156
1e+06 0 0.000375000758511647 0.000429928506907342 1.99773430809174e-07 1.26969042506739
1e+06 0.484848484848485 0.000308573996624542 0.00015307489381892 3.26833285005836e-08 0.304285281557898
1e+06 0.0769230769230769 0.000280204945982763 0.000282392390363199 1.07564415678509e-07 0.849110126495468
1e+06 0.634146341463415 0.000342848155046937 0.000130632993003459 1.82041872540043e-08 0.280578910550883
1e+06 0.724137931034483 0.000208378402361744 0.000107771466161976 1.90727725612728e-08 0.234433599295325
1e+06 0 0.000370901805515703 0.000425157094801917 1.87684967542117e-07 1.31208958661402
1e+06 0 0.000308667918629467 0.000384965368994177 1.80491056141724e-07 1.18681327025747
1e+06 0 0.000384810816855079 0.00046852229204309 2.31794326943937e-07 1.49480255826812
1e+06 0 0.000307306605267229 0.000363222017115076 1.47660029702762e-07 1.11590610637036
1e+06 0.121951219512195 0.000301513152362841 0.000417137841628456 2.34169865263342e-07 0.397004490668499
1e+06 0.342105263157895 0.000299480039527575 0.000356684507732708 2.10786066373911e-07 0.329177690882238
1e+06 0 0.000369159318272946 0.000478579449040517 2.57765359806695e-07 1.56776099028034
1e+06 0 0.000322202626980192 0.000416075031875805 2.0547034175815e-07 1.35456734099647
1e+06 0.423076923076923 0.000316993242176669 0.000254081209171793 1.06786741749787e-07 0.517704322158447
1e+06 0 0.00039042519004447 0.000536176317939152 3.23586019410793e-07 1.79598051972934
1e+06 0 0.000344257624494745 0.000403158472369245 1.76810649719032e-07 1.21747623974052
1e+06 0 0.000382999265358203 0.000450670952934418 2.18614851331622e-07 1.36124452162927
1e+06 0.838709677419355 0.000255234872615281 9.82213412608447e-05 2.01861708044814e-08 0.175900259732688
1e+06 0.816666666666667 0.000305267336849502 9.39332274819793e-05 1.27166819148231e-08 0.147271183649073
1e+06 0.921875 0.00036445364056307 6.96797032814226e-05 1.13166253314793e-08 0.0868682938670158
1e+06 0.1875 0.00025955853573906 0.00034453489616124 1.55981980482229e-07 0.341693256233521
1e+06 0 0.000389017930091707 0.000496250888402032 2.67094014065437e-07 1.603189723188
1e+06 0 0.00034358121867483 0.000449823790107581 2.31421344422524e-07 1.4711993510163
1e+06 0 0.000285318706435762 0.000295402773638293 1.00188579953673e-07 0.856229353372905
1e+06 0.5 0.00024613553728347 0.000184726700622999 6.80033857697528e-08 0.47157293423506
1e+06 0 0.000328990293433513 0.000439991663061454 2.21573581778554e-07 1.47517801237754
1e+06 0 0.000334019290637704 0.000281706588166782 8.47716829290569e-08 0.709060746157802
1e+06 0 0.000318716393801977 0.000392621577658741 1.9076037229625e-07 1.23148105248611
1e+06 0 0.000406799932526899 0.000357772652844255 1.28855153050019e-07 0.797543068542424
1e+06 0.896551724137931 0.000336877368805914 0.000101625962118699 1.44855756978017e-08 0.141634904624902
1e+06 0 0.000417230690750082 0.000333217382117199 1.14129295246158e-07 0.789565411738995
1e+06 0.181818181818182 0.000288557452736038 0.000328154184236019 1.5645823537942e-07 1.02633267715773
1e+06 0.0958904109589041 0.000241551834490121 0.000460959658955289 2.94424559525125e-07 0.480259745252254
1e+06 0.0238095238095238 0.000332389988226256 0.000947057756995462 1.20738002546974e-06 0.603305525127702
1e+06 0 0.000361301340116235 0.000470389248520893 2.42996446687564e-07 1.47911628547348
1e+06 0.0405405405405405 0.000237554469541226 0.000412012775952727 2.09807479500724e-07 0.460419999665908
1e+06 0.338235294117647 0.000297773846097293 0.000229681120105451 7.60282025411569e-08 0.26367976746976
1e+06 0 0.000347045458768031 0.000458843111087042 2.3361338695473e-07 1.51299429600816
1e+06 0.106666666666667 0.000227609864878557 0.000343389439912212 1.4850247873743e-07 0.375376959827531
1e+06 0 0.000363956582922274 0.000506043142151507 2.93605662517628e-07 1.69019807476618
1e+06 0 0.000344562876625867 0.000471098625541135 2.51173491279802e-07 1.70750784072986
1e+06 1 0.000299480039527575 5.55645122301946e-05 5.38359713562687e-09 0.105888888552301
1e+06 0.375 0.000283694560402755 0.00027605012504376 1.2964650240641e-07 0.723441631481045
1e+06 0 0.000299480039527575 0.000350020021547106 1.41138365088613e-07 0.973450861366262
1e+06 0 0.000393473389109807 0.000426697222877849 2.12471462035249e-07 1.22253026704265
1e+06 0 0.000438742910250159 0.000564656804268755 3.40237617434864e-07 1.67376300875624
1e+06 0 0.00039347417565478 0.000534182849634142 3.20180983488847e-07 1.75022333177698
1e+06 0 0.000349621385298104 0.000478109494259047 2.59787133369638e-07 1.68971043472817
1e+06 0.481481481481481 0.00028812640812889 0.000161211414817368 3.83673954694142e-08 0.340163577152676
1e+06 0 0.000390435728764698 0.000430425450435252 1.91329504896408e-07 1.23131085025765
1e+06 0 0.000314691786667299 0.000372461827537367 1.53837352947318e-07 1.20336955550588
1e+06 0 0.000269661052632939 0.000268602698563166 8.37383603818177e-08 0.818144950491011
1e+06 0 0.000271684852631262 0.000308132445760364 1.25151854205044e-07 0.824745351166317
1e+06 0 0.000394316837822179 0.000490552906128971 2.55906085165649e-07 1.5576712111345
1e+06 0.172413793103448 0.000293783512811999 0.0002004698280136 4.57234667412876e-08 0.458442996401821
1e+06 0 0.00035820373470184 0.000384639770381056 1.56172761864062e-07 1.06524007860326
1e+06 0 0.000407694668279281 0.000349664262435415 1.36311779693327e-07 0.84321733050606
1e+06 0 0.000341525228782394 0.000361825971841242 1.37102215827222e-07 0.949680899924208
1e+06 0 0.000331266498353003 0.000392610905580783 1.73990403047302e-07 0.992251187125711
1e+06 0 0.000336044640417895 0.00043596018847558 2.11481086021418e-07 1.46877762742173
1e+06 0 0.000365261695746392 0.000420073701016309 1.84645164096818e-07 1.14173988583533
1e+06 0.478260869565217 0.000237570319877931 0.000186328968246623 6.4255350227665e-08 0.416562641800169
1e+06 0 0.000281472427733316 0.00027355520801024 9.7150653055451e-08 0.775452096237676
1e+06 0 0.000317415881632759 0.000394678572012658 1.7484769325248e-07 1.30178519912713
1e+06 0.711111111111111 0.000299480039527575 9.16293454751805e-05 1.07889211881335e-08 0.188193939449521
1e+06 0 0.000295713921760702 0.000221419507067037 5.63764747465802e-08 0.598045420174105
1e+06 0.28 0.000361651032000021 0.000319340330382408 1.34074000083709e-07 0.716504503679596
1e+06 0.233333333333333 0.000333547566688393 0.000214126133659165 4.8504018782047e-08 0.541681102527683
1e+06 0 0.000364668780828108 0.000510116805076247 2.98058207157454e-07 1.79958647562912
1e+06 0.238095238095238 0.000217941181450245 0.000155280546658436 2.74385923279448e-08 0.293152455243639
1e+06 0 0.000290561350024995 0.000273053830077913 9.64120671629269e-08 0.738624002946717
1e+06 0 0.000290834840481495 0.00032503117215715 1.19795472615743e-07 1.02604909375791
1e+06 0 0.000331525533948514 0.000447108850003242 2.30498610226479e-07 1.49668114656545
1e+06 0.461538461538462 0.00025199842104334 0.000233744027418686 9.45369182222156e-08 0.672528340494153
1e+06 0.69811320754717 0.000245633043898095 8.04970291209322e-05 1.00352107464854e-08 0.157089624965337
1e+06 0 0.00037863284390027 0.000460603893301352 2.31742169628661e-07 1.48471412930172
1e+06 0 0.000376330278479839 0.000455323209504946 2.17946455449981e-07 1.42268389217059
1e+06 0.672413793103448 0.000354080212716002 0.000138164257784089 3.20890976692491e-08 0.336946854797517
1e+06 0 0.000371078779931203 0.00039571501939596 1.59648683564533e-07 0.977736665964245
1e+06 0 0.00037351842612349 0.000319316277823179 1.04378111673284e-07 0.77666347135612
1e+06 0 0.000345803457566688 0.000418060837838007 2.23130931604008e-07 1.22895072349612
1e+06 0 0.000370901805515703 0.000428555528007434 1.91284024303338e-07 1.26277015185562
1e+06 0 0.000351186810185499 0.000483665272407057 2.71123897766046e-07 1.70336719390283
1e+06 0.56 0.000341905307551385 0.00019827597646057 7.26927948025581e-08 0.205413430733972
1e+06 0 0.000307489787130516 0.000341923418951335 1.27061389285034e-07 1.08792042638203
1e+06 0 0.000391766334668912 0.000488828442313729 2.53176909211645e-07 1.42083523184647
1e+06 0 0.00037665153736607 0.000443343785296505 2.05444043271127e-07 1.27657672347439
1e+06 0 0.000333152844276703 0.000342762335533543 1.28358598640071e-07 0.93190996638982
1e+06 0 0.000351757563268571 0.000425030044391615 1.95133014139439e-07 1.22871592298844
1e+06 0 0.000344577711958509 0.000353703428421695 1.36126139444386e-07 0.855981141497845
1e+06 0 0.000367643170701653 0.000424517698420486 1.94811961722332e-07 1.28217567481481
1e+06 0 0.00038180995382239 0.000452505231552405 2.17840673711402e-07 1.37348715709226
1e+06 0 0.000344275400263876 0.000468920585032891 2.48393085666157e-07 1.70020099407961
1e+06 0.513513513513513 0.000350729861282199 0.000171681358086546 3.67916233179627e-08 0.326768989993092
1e+06 0.274193548387097 0.000227951396287567 0.000232017970457833 7.12056670455207e-08 0.290454312028024
1e+06 0.9375 0.000258727984556996 7.45496055802935e-05 1.17738754077957e-08 0.147493520919338
1e+06 0.0303030303030303 0.00022851815089376 0.000707068503790883 6.35607239985498e-07 0.58952743805078
1e+06 0 0.000336939542324182 0.000454313139146162 2.33609025488159e-07 1.49254348595542
1e+06 0 0.000475338484274002 0.000487680454198805 2.60208798892361e-07 1.25147812177232
1e+06 0.5 0.000274607291083175 0.000149200993024585 3.92917375226441e-08 0.322723651132611
1e+06 0 0.000330601962155936 0.000442600539610287 2.24682518823296e-07 1.56367716530124
1e+06 0.428571428571429 0.000260891799501615 0.000258256498566828 1.09103763889011e-07 0.727783493170697
1e+06 0 0.000334689125340598 0.000435445232634004 2.21382712934613e-07 1.49125696587145
1e+06 0 0.000311937218564326 0.000250648835242085 7.71141582843429e-08 0.651106202337143
1e+06 0.46875 0.000315294603704609 0.000174292640974003 4.4904217275692e-08 0.325653351397621
1e+06 0 0.00033844344429682 0.000447915004756798 2.26250567913915e-07 1.5458989848814
1e+06 0.35 0.000270807236665467 0.000246685483787672 1.06492091870616e-07 0.577510083726325
1e+06 0 0.000444377041363321 0.000531182284844058 2.94797670705844e-07 1.41458096789942
1e+06 0.375 0.000324802437274422 0.000184591118194237 4.87986580386535e-08 0.345097642663455
1e+06 0 0.000364723478428519 0.00049779487831329 2.77522047114071e-07 1.71736770382372
1e+06 0 0.000370901805515703 0.000364991843053275 1.35194738396821e-07 0.893313366863158
1e+06 0 0.000344562876625867 0.000472061811096157 2.52634460045662e-07 1.71055047242004
1e+06 0.580645161290323 0.000268048912569463 0.000117961260737613 2.05071440212413e-08 0.306039955736625
1e+06 0.105263157894737 0.000299480039527575 0.000791896604018562 1.00813710154221e-06 0.485696080272934
1e+06 0.272727272727273 0.000263453776070956 0.000261298332097746 1.00863175574535e-07 0.817345303382969
1e+06 0.785714285714286 0.000279318834742936 0.000113414040073456 2.13411023670854e-08 0.246778974795287
1e+06 0 0.000341408928039531 0.000468040325617495 2.55970106238056e-07 1.55934415055985
1e+06 0.842105263157895 0.000266395093157382 0.000100715805582 1.65365249750991e-08 0.18954308227504
1e+06 0 0.000356744588302894 0.000454790090648222 2.30502979380361e-07 1.49559007464039
1e+06 0 0.000339154391965785 0.000308874470248016 9.94029928104106e-08 0.825720537701354
1e+06 0 0.000376793463234613 0.000479146746575731 2.57854043745931e-07 1.56946398448721
1e+06 0 0.000374067359213009 0.000398561184833744 1.78230060354818e-07 0.893494868388569
1e+06 0.551724137931034 0.000394559393923452 0.000167361500908809 3.86946928529351e-08 0.271701143692239
1e+06 0.326923076923077 0.000280405495538296 0.000194768169930789 5.01904662219952e-08 0.304867891117702
1e+06 0.0588235294117647 0.000267292199415991 0.000440632917798412 2.5110669584191e-07 0.418064822945816
1e+06 0 0.00036516307974496 0.000432154452318793 2.04466965279865e-07 1.32486616945924
1e+06 0.0967741935483871 0.00020823670458576 0.00030378721159216 1.13616771461769e-07 0.393100636452007
1e+06 0.72 0.000221430031473555 0.000128010774729471 3.97203445176995e-08 0.257373622736338
1e+06 0.55 0.000252764328169947 0.000136798072850439 2.17846750496276e-08 0.287163890223712
1e+06 0 0.000344562876625867 0.000472061811096157 2.52634460045662e-07 1.71055047242004
1e+06 0.825 0.000221895258376207 9.15374670112344e-05 9.8255263379174e-09 0.185318412104548
1e+06 0.0549450549450549 0.00023624667522236 0.000635198692785464 5.20868227573012e-07 0.563733732249368
1e+06 0 0.000419840655543531 0.000384968086991793 1.52821626578726e-07 0.914392575936289
1e+06 0 0.000334255565072842 0.000393017308676864 1.66556523806273e-07 1.10303525137425
1e+06 0.0645161290322581 0.000467879056389415 0.000428317105187553 2.08067189003855e-07 0.933253935836048
1e+06 0 0.000325989986508012 0.000350963784208291 1.29439250015527e-07 0.985178427785305
1e+06 0 0.000406168627136246 0.000519399525678468 2.91433854101957e-07 1.67983605507103
1e+06 0.0769230769230769 0.000353677943239592 0.000351487798163262 1.42129872911497e-07 0.818045583126197
1e+06 0.55 0.000252281457858861 0.000213474905423904 7.62834827862582e-08 0.515127671271366
1e+06 0 0.000338507511953084 0.000441384429253899 2.16230943478046e-07 1.21598511170595
1e+06 0.5 0.00024613553728347 0.000209540881311006 8.96321887114359e-08 0.537012217519873
1e+06 0 0.000323035658504972 0.000325343774124399 1.19669448623708e-07 0.853896119082615
1e+06 0.434782608695652 0.000213102541714933 0.000148610867024522 2.92313807891283e-08 0.259583694968526
1e+06 0.333333333333333 0.000195163669872264 0.000155681576733843 3.14341406554524e-08 0.330858649390206
1e+06 0 0.000289339617767854 0.000241124129214098 7.23269156977777e-08 0.613649670616081
1e+06 0 0.000397428769967891 0.000544281469987583 3.32615394923054e-07 1.82369685904278
1e+06 0 0.000390144838759352 0.000513631868657241 2.98068152570005e-07 1.4910884902275
1e+06 0.479166666666667 0.000402639551167791 0.000197613608244553 5.23704644260603e-08 0.434780311916576
1e+06 0 0.000344923609858778 0.000457757014195852 2.34855683319113e-07 1.50560409930754
1e+06 0 0.000315306028486587 0.000394266988188528 1.7879542858669e-07 1.29285662285158
1e+06 0 0.00043174043706166 0.000492550904548882 2.54142961747875e-07 1.36273061685455
1e+06 0.352941176470588 0.000281872594811189 0.000218288101485428 6.88152526014276e-08 0.581652808724172
1e+06 0 0.000378193357467602 0.000450532825288039 2.13493022595516e-07 1.31657562971281
1e+06 0 0.000312526214033076 0.000398467986300936 1.92401868209744e-07 1.35748071837626
1e+06 0 0.000322690231611701 0.000427824646218698 2.11106246888116e-07 1.43260401326883
1e+06 0.435897435897436 0.000337136892695075 0.000191377259239543 5.45129129489849e-08 0.325708602046035
1e+06 0 0.000279634006573111 0.000259825666550422 8.01433554832975e-08 0.74188354779631
1e+06 0 0.000413122998938052 0.000296432579567029 9.90114157361721e-08 0.663030794266487
1e+06 0 0.000482091235414065 0.000383338637883938 1.58253637939607e-07 0.816862985742638
1e+06 0 0.000318204035528139 0.000389356457725054 1.6893573968615e-07 1.17695970362946
1e+06 0 0.000360241238017606 0.000428242891072067 2.05471353679688e-07 1.33703305815675
1e+06 0.52 0.00023278888728627 0.000161646061594423 4.98154906204389e-08 0.357032788618053
1e+06 0 0.000346121760973181 0.000332487496652189 1.21090584442281e-07 0.894066987473583
1e+06 0 0.000373666399951039 0.000418679025920977 1.91908720750269e-07 1.25645334276032
1e+06 0.444444444444444 0.000288409093047661 0.000218659747319474 7.81005057933329e-08 0.442469539915337
1e+06 0 0.000312319467227334 0.000259961863110283 7.16464804924116e-08 0.673620683049994
1e+06 0 0.000366347712136867 0.00045967414728127 2.32199459193451e-07 1.44486497609329
1e+06 0.678571428571429 0.000262073071668333 0.000115982223422036 1.88087723448679e-08 0.281815730859161
1e+06 0 0.000344696438671158 0.000467330871534817 2.54218995490154e-07 1.60184992218594
1e+06 0 0.000324018255409545 0.000339503516277787 1.30946354806633e-07 0.909163877189332
1e+06 0 0.000423590750549486 0.000382587170701515 1.54839043251365e-07 0.863217257410436
1e+06 0.447368421052632 0.000238304832002474 0.000155675247477452 3.1288076714785e-08 0.311357373790103
1e+06 0 0.000365390771307561 0.000502962422977999 2.86502491599776e-07 1.77736538103461
1e+06 0.481481481481481 0.000259053017840214 0.000208473129427602 6.67050505731474e-08 0.448741672942421
1e+06 0 0.000377155597587092 0.000366076923276334 1.5363642969285e-07 0.844146179229539
1e+06 0 0.000352928489874996 0.00047497045949415 2.56316405532856e-07 1.67801321653526
1e+06 0 0.000477128407411133 0.000453983252292887 2.15201795531033e-07 0.975898641499936
1e+06 0 0.000358037580248977 0.00046032053672049 2.37199856675488e-07 1.51133113183686
1e+06 0.0303030303030303 0.000258713061424405 0.000689709569755905 6.66539930714707e-07 0.542438990933116
1e+06 0.448979591836735 0.000416103071658023 0.000241867600996886 7.70793891941954e-08 0.570023295484848
1e+06 0 0.000341573412511506 0.000350821498495714 1.26664711462201e-07 0.955305301835743
1e+06 0.428571428571429 0.000299483161656942 0.00020459404114942 6.47531850576029e-08 0.243854668292141
1e+06 0.0918367346938776 0.00023624667522236 0.000702254940362463 6.87171811186117e-07 0.546073731502769
1e+06 0.2 0.000274574342570298 0.000212924675494339 5.39955195797362e-08 0.531245699525217
1e+06 0.390243902439024 0.000332389988226256 0.000278893768085932 1.22258045380344e-07 0.253298701990894
1e+06 0 0.000349363016195883 0.000397696702023846 1.70970664832566e-07 1.02923113686555
1e+06 0 0.000363674974956225 0.000511933941501977 3.01691409347951e-07 1.80488256788816
1e+06 0 0.000329225203207839 0.000438952541887707 2.1915160651723e-07 1.4444177472479
1e+06 0.272727272727273 0.000191511915807509 0.0001600375043971 3.06852717003227e-08 0.339475875282752
1e+06 0 0.00036845627057324 0.000415802224789503 1.84489992061096e-07 1.26171285961429
1e+06 0.0357142857142857 0.000273813404074919 0.000500276339411385 3.4201049332614e-07 0.46579346204206
1e+06 0 0.000392479499670762 0.000445608473484555 2.10773582037394e-07 1.24618740344768
1e+06 0 0.000304405083021564 0.000281762157231049 9.14164867585815e-08 0.736103668011883
1e+06 0 0.00038160669189721 0.000506241057321143 2.84526147540833e-07 1.66355198948311
1e+06 0 0.000326018810319033 0.000420166729417839 2.16416755921596e-07 1.35424514320001
1e+06 0 0.000369182505700505 0.000448951535471215 2.21107938661638e-07 1.31495927265998
1e+06 0.674418604651163 0.000240645081884929 9.91414210955546e-05 1.17137096301433e-08 0.195223847777332
1e+06 0.901960784313726 0.000336877368805914 7.86830060605769e-05 9.18199432787514e-09 0.162606343753613
1e+06 0.5 0.000261086223575271 0.00018708597001339 5.77558487416411e-08 0.42855738883287
1e+06 0 0.000360707120578943 0.000481296603287119 2.58228563567168e-07 1.54461543364948
1e+06 0 0.000410044225750342 0.000372570153109145 1.45273276195472e-07 0.940141961797461
1e+06 0.416666666666667 0.00030691980344597 0.00020084919852063 6.52004559513006e-08 0.432828719282083
1e+06 0 0.000362699065361685 0.000439860299584712 2.04331919395968e-07 1.28324474886251
1e+06 0 0.000294311021807205 0.000313159793234401 1.33090137555232e-07 0.869822383072236
1e+06 0.548387096774194 0.000271762158152511 0.000171360181870463 5.41317316233702e-08 0.307027800588257
1e+06 0.46031746031746 0.000292019653525617 0.000214548490783092 8.18629265787558e-08 0.22347483579027
1e+06 0 0.000344562876625867 0.000472061811096157 2.52634460045662e-07 1.71055047242004
1e+06 0.929824561403509 0.000321821688910303 7.77176162789053e-05 8.86591131958952e-09 0.123450263212901
1e+06 0 0.000349503184985655 0.000482806652100172 2.66809724965686e-07 1.70520301619287
1e+06 0 0.000439272474028525 0.000551660127685439 3.27997090751505e-07 1.74492705169129
1e+06 0 0.00033701617933334 0.000255246925491654 6.76575033336799e-08 0.573317223924417
1e+06 0.128205128205128 0.000448592562583652 0.000307719020054991 1.00713612431972e-07 0.664961539087413
1e+06 0 0.000370500679565906 0.000451028681229715 2.20274446908665e-07 1.4926830514999
1e+06 0 0.000378118134272528 0.000517095061540673 2.99180693802309e-07 1.73522465758649
1e+06 0.458333333333333 0.000295753950822441 0.000176933410616472 4.54059304006411e-08 0.403225035422196
1e+06 0.0434782608695652 0.000226574774319192 0.000645277414585593 5.27555163891176e-07 0.573218737336179
1e+06 0.0347826086956522 0.000209284109946092 0.000970146553367222 1.24477142218814e-06 0.666999992698107
1e+06 0.475 0.000350882792479368 0.000190699091141368 5.21620688678597e-08 0.5061772249162
1e+06 0.166666666666667 0.000279348131056048 0.000290557714565195 1.20875369652366e-07 0.887797280115075
1e+06 0.514285714285714 0.000350882792479368 0.000160683562687116 3.28586416945427e-08 0.314464578768563
1e+06 0 0.000339229422925107 0.000421759630389822 1.91007278543459e-07 1.40485674181073
1e+06 0 0.000339071963785409 0.000412452291817197 1.82138039756997e-07 1.34274651785156
1e+06 0 0.000476708083891472 0.000469544855204638 2.28320185557764e-07 1.1108744386375
1e+06 0.393939393939394 0.000315294603704609 0.000203654725405197 4.89808444058863e-08 0.533114936051263
1e+06 0 0.000342954553831774 0.000411332922187449 1.83771466007201e-07 1.24522057694529
1e+06 0.307692307692308 0.000299480039527575 0.00049307471847922 3.87703090055422e-07 0.379953672680058
1e+06 0 0.000401581850577952 0.000533929607238358 3.14674507989811e-07 1.75681094727959
1e+06 0 0.000385608422451549 0.000446777478541806 2.11983808927407e-07 1.35940052844524
1e+06 0.653846153846154 0.000246797197572422 0.000178042219294879 6.80560187242082e-08 0.350294976777346
1e+06 0.3125 0.000287019969317228 0.000260081825081557 9.57240401531967e-08 0.712746469884825
1e+06 0.608695652173913 0.000258713061424405 0.000115073229257038 1.853394228748e-08 0.19243935929096
1e+06 0 0.000292092490021712 0.000348329252725112 1.40623325334094e-07 1.04662000111662
1e+06 0.75 0.000247058989097744 9.41094419239038e-05 1.69219065070887e-08 0.156473996111491
1e+06 0 0.000324168824234019 0.000360408867981731 1.420194844237e-07 0.981997048377298
1e+06 0 0.000363832108780845 0.000303971410216625 9.97163367935769e-08 0.684393467073483
1e+06 0 0.000353869446218908 0.000380358768055656 1.50247864471251e-07 1.12293250454564
1e+06 0 0.000360922970434368 0.000469993177527458 2.41194816375516e-07 1.5879936927428
1e+06 0.466666666666667 0.000252351076104958 0.000231981795137679 8.76121703053625e-08 0.643538989776564
1e+06 0.717948717948718 0.000235520381846412 9.25384200858551e-05 1.17738405541848e-08 0.183982242813073
1e+06 0 0.000317263112813732 0.000403072556753596 1.87852174005007e-07 1.34791589391587
1e+06 0 0.000344526019905157 0.000462424399248417 2.47166470599549e-07 1.62923796547464
1e+06 0 0.000340691707148189 0.000279926608388032 8.14299305195601e-08 0.728423966293985
1e+06 0 0.000352431545741125 0.000472701629857776 2.55302218141687e-07 1.58046484032996
1e+06 0.105263157894737 0.000263381219325456 0.000289313359687366 1.19961377736286e-07 0.75478614709672
1e+06 0 0.000348818263755609 0.000363163484531556 1.47109036142793e-07 1.01735909534073
1e+06 0.2 0.000290086687383179 0.000281047109849495 1.07197171563945e-07 0.306130117119746
1e+06 0 0.000386159670425699 0.000524080336434877 3.03988054874109e-07 1.68325225679261
1e+06 0.830508474576271 0.000382146645962942 0.000108822082038851 1.43001499728987e-08 0.182846780597215
1e+06 0.276595744680851 0.000225007988796068 0.000163057299065381 3.35122575881256e-08 0.303237570559306
1e+06 0 0.000350848004743472 0.000469437572789074 2.47479492498908e-07 1.62028172819305
1e+06 0.641509433962264 0.000311287462823483 0.000118920305074239 2.25715304043253e-08 0.173861242854738
1e+06 0.892857142857143 0.000261201973397668 8.75101334111435e-05 1.72397365218097e-08 0.189347551607197
1e+06 0.203389830508475 0.00020684747012654 0.000274855925946089 9.65070877842295e-08 0.364489506608849
1e+06 0 0.00037740409207184 0.000491819690698391 2.55733611401641e-07 1.4048439307078
1e+06 0 0.000292219459759492 0.000352703693031452 1.50098008123377e-07 1.14892775143517
1e+06 0.461538461538462 0.00035192072581562 0.000165790628650013 3.38931643033637e-08 0.351139422370566
1e+06 0 0.000356625101391067 0.000429182935702262 2.34508982565303e-07 1.2047838575399
1e+06 0 0.000441680048660897 0.000555126073620105 3.32437682897315e-07 1.75541827221391
1e+06 0.803030303030303 0.000455184112878591 0.00013247649111014 2.51871584317868e-08 0.179208768515483
1e+06 0 0.000326248969891287 0.000359227369654525 1.39607741624143e-07 1.08890385256724
1e+06 0 0.00036729005864044 0.000485277883650023 2.68277772493892e-07 1.51043577850953
1e+06 0.769230769230769 0.000283274996009275 0.000106547646826441 1.91359628823546e-08 0.161942274422919
1e+06 0.176470588235294 0.00039258939556675 0.000313829890966271 1.076620193871e-07 0.783318361291221
1e+06 0 0.000415828152510539 0.000485682387545353 2.47398078092206e-07 1.39550229926474
1e+06 0 0.000364579002631408 0.000483321363522531 2.65089633853682e-07 1.54313041343044
1e+06 0 0.000351367738956093 0.000489693566307024 2.76123197123897e-07 1.72764166688941
1e+06 0 0.00036792447457382 0.000434292798371167 2.05403883572782e-07 1.40129192701889
1e+06 0.0561797752808989 0.000286321057589156 0.000445327958466489 2.48896057117041e-07 0.424154112501558
1e+06 0 0.000375407395378401 0.000519434431483994 3.09822409587556e-07 1.78157873834576
1e+06 0 0.000365390771307561 0.000506053196896786 2.91188054936661e-07 1.78707698913278
1e+06 0.285714285714286 0.000344976494659597 0.000306127687775082 1.3070455267021e-07 0.736509477622823
1e+06 0.833333333333333 0.000315294603704609 0.000100163251884539 1.32242199201328e-08 0.173073457307995
1e+06 0 0.00043755989657863 0.000528342208098994 2.94071669095338e-07 1.58213583590991
1e+06 0 0.000418511098907182 0.000569448520456724 3.6219527828542e-07 1.8673874805503
1e+06 0.538461538461538 0.000263449737952344 0.000154455062192759 4.22199310572183e-08 0.319229510985761
1e+06 0.227848101265823 0.000252776481869331 0.000446624857694222 3.07236271528933e-07 0.405773935177531
1e+06 0.12 0.000228650372076685 0.000738418947552253 7.69925326335037e-07 0.546291988323461
1e+06 0.105263157894737 0.000288472481886969 0.000313985386566612 1.39739016150957e-07 0.798201692924312
1e+06 0 0.000342112552418924 0.000457602367623603 2.36457651433104e-07 1.61957054660184
1e+06 0 0.00029964108477475 0.000288430249638713 9.21353558417328e-08 0.780168360614755
1e+06 0 0.000331192260929941 0.000417894881918077 1.99604876012591e-07 1.21532027638436
1e+06 0.9375 0.000228706267170963 6.60821505311921e-05 8.44762301694198e-09 0.131817367393249
1e+06 0.409090909090909 0.000292337419545831 0.0001844651224028 5.25305397350039e-08 0.429435932954548
1e+06 0 0.000319174389024334 0.000367063520329603 1.47140117926314e-07 1.06827247135185
1e+06 0.6 0.000240593187414762 0.000164088048978307 5.30028052893284e-08 0.388271829530031
1e+06 0 0.000304213022884205 0.000343064918569657 1.48436303040078e-07 0.906043865660855
1e+06 1 0.000334729202640074 5.67912718355167e-05 4.53747788397841e-09 0.107940593460763
1e+06 0.0384615384615385 0.000341941414370103 0.000258782993849165 7.542903342736e-08 0.612588562107149
1e+06 0 0.000344562876625867 0.000471568454854887 2.5188451017944e-07 1.7089919966659
1e+06 0 0.000344623170530552 0.000401051138372186 1.73083643024868e-07 1.09204815554246
1e+06 0.333333333333333 0.000351996957835403 0.00025533411838611 9.83056709613904e-08 0.483557086227534
1e+06 0 0.000364668780828108 0.000502844205623337 2.86836235218899e-07 1.77665205381526
1e+06 0 0.000401184050248529 0.000294199511441124 9.46721334363853e-08 0.660670722041939
1e+06 0.217391304347826 0.000274172633215414 0.000176877930364088 3.97458515952397e-08 0.446623558020146
1e+06 0 0.000345784430501132 0.000465984197507076 2.49183607335381e-07 1.64356029376814
1e+06 0.384615384615385 0.000312079703659321 0.000186446987285787 4.79666590738089e-08 0.406913336583748
1e+06 0 0.000465110707338995 0.000576002834270987 3.63079314086357e-07 1.69167597989035
1e+06 0.275862068965517 0.000306068583378844 0.000178333467137152 3.92643767587872e-08 0.391006123829301
1e+06 0 0.000278566192494147 0.000311018567095639 1.40234397072842e-07 0.925084291943703
1e+06 0 0.000343589911079728 0.000388559934132614 1.59277170008551e-07 1.16615744729545
1e+06 0 0.000376117954777315 0.000408224958604685 1.8592751411023e-07 1.16322450409732
1e+06 0.25 0.000324706565731823 0.000278463815084245 1.01579092555261e-07 0.700118367349102
1e+06 0.9 0.000243963244385983 6.62108911443033e-05 1.2554159782654e-08 0.137777565355191
1e+06 0 0.000302287570986766 0.000356044437247583 1.71197919541e-07 1.06935744420827
1e+06 0.5 0.000242965502849303 0.000121081449668058 1.87660801512297e-08 0.239666221150143
1e+06 0 0.000384593016234032 0.000518784838591849 3.00978122865626e-07 1.74049742203981
1e+06 0 0.000347887574493489 0.00048521935050306 2.72584891005169e-07 1.71042291376629
1e+06 0.41025641025641 0.000350882792479368 0.000206853468524134 5.03066560399526e-08 0.517694829666844
1e+06 0.309859154929577 0.00023624667522236 0.000263087109314868 9.21416315585345e-08 0.305273352270937
1e+06 0 0.000381925315466225 0.000453256280052121 2.28497461225247e-07 1.38132315211733
1e+06 0 0.000340980569323823 0.000441340466682521 2.15032642456469e-07 1.38982523431843
1e+06 0.607843137254902 0.000270942797939164 0.000104859660059781 1.37273033119673e-08 0.201437443578932
1e+06 0.8125 0.000255784808887646 8.26835476117491e-05 1.59522877333997e-08 0.147067240258014
1e+06 0 0.000346979345569763 0.000371196480502523 1.5226476655406e-07 1.06644832313003
1e+06 0 0.00032509772078157 0.000393746331116736 1.70792311166341e-07 1.30213418113208
1e+06 0 0.000342232590524379 0.000466102029110158 2.46116496917886e-07 1.68919100314042
1e+06 0 0.000441617240095173 0.000522190594189739 2.82735238400591e-07 1.44214511438175
1e+06 0.0735294117647059 0.000214734756792441 0.000384274823106673 1.73731394779265e-07 0.47583837531145
1e+06 0.787234042553192 0.000299480039527575 0.000108671201557052 1.5010725553717e-08 0.1957373958825
1e+06 0.142857142857143 0.000461772413952334 0.000420798688772091 2.144674040321e-07 0.927075897537969
1e+06 0.185185185185185 0.000212713382410893 0.000207256915439805 4.95590132079864e-08 0.333548553222176
1e+06 0.785714285714286 0.00039258939556675 0.000130041147082673 2.45240665185075e-08 0.167530294856294
1e+06 0 0.000351755150578467 0.000388228735380583 1.56877404940297e-07 1.07990547307018
1e+06 0 0.000333550642371535 0.00042377910552397 2.12452366186532e-07 1.37545447690531
1e+06 0 0.000356128300613895 0.000440787047349921 2.31429941893643e-07 1.38895764668073
1e+06 0.416666666666667 0.000277349019957785 0.000221507179747477 8.01217071871452e-08 0.491877778085887
1e+06 0.694444444444444 0.000247754696573241 0.000108138354312556 2.43767888247531e-08 0.176033982087384
1e+06 0.0909090909090909 0.000227648659731247 0.000453819564227643 2.63853275417038e-07 0.466375905853713
1e+06 0.470588235294118 0.000255461426662639 0.000203084434292582 7.67244755681771e-08 0.515210903097386
1e+06 0.319148936170213 0.000455184112878591 0.000305159482217398 1.24254972158645e-07 0.676677973638193
1e+06 0.58695652173913 0.000416103071658023 0.000188060189939029 5.0856912503749e-08 0.36332477702792
1e+06 0.722222222222222 0.000219899638211163 0.00014167684283086 4.38823366460572e-08 0.356332144446241
1e+06 0 0.000358210271337905 0.000489692145665614 2.76369851589706e-07 1.63367300374195
1e+06 0 0.000354936790782207 0.00044623433598977 2.24615518594197e-07 1.46142047392753
1e+06 0 0.000410007784872169 0.000518876914523886 2.8982555075114e-07 1.64017402190753
1e+06 0 0.000372958054156634 0.000385565021582765 1.65498506857913e-07 1.0759062709931
1e+06 0.0410958904109589 0.000251695920037493 0.000407239189048576 2.01255839049251e-07 0.467184268737597
1e+06 0.0952380952380952 0.000338484286195727 0.000304242720417627 1.18784228596873e-07 0.756940758861089
1e+06 0.463414634146341 0.000397193212833015 0.000196911439130491 5.57763496265367e-08 0.320748274619711
1e+06 0 0.000293329059251057 0.000335774685147264 1.29844916570414e-07 1.07879302291812
1e+06 0 0.000374107121467154 0.000498311797081952 2.80075949697368e-07 1.66851512442995
1e+06 0 0.000344562876625867 0.000470384367196034 2.50098484508344e-07 1.70525155162289
1e+06 0.0666666666666667 0.000398216247684242 0.000340361618559113 1.26844809305057e-07 0.769888973482504
1e+06 0 0.000416669184969814 0.00054275872104979 3.22935447643484e-07 1.78942298420343
1e+06 0.117647058823529 0.000326230908391455 0.000306321756498476 1.17167207455685e-07 0.842386560165838
1e+06 0.597014925373134 0.000405012222167238 0.000189527515972374 5.03737656621895e-08 0.388309831041163
1e+06 0.727272727272727 0.000273150137882805 0.000134905157480972 2.77492526119132e-08 0.249594667049619
1e+06 0 0.000357381428925379 0.000408757598010245 1.7301233272664e-07 1.23666873317785
1e+06 0 0.00029184863287193 0.000336644514416611 1.33215189825423e-07 1.0260010057276
1e+06 0 0.000329296085519774 0.000319207905751194 1.29142921859028e-07 0.737509622946626
1e+06 0 0.00039215500609802 0.000515695915705061 2.910827800707e-07 1.70147627254645
1e+06 0.232142857142857 0.000281090858988549 0.000180594966487679 3.75780034822886e-08 0.288694965494063
1e+06 0 0.000332389988226256 0.000398700867627319 1.68342674899039e-07 1.27701429523714
1e+06 0 0.000322928385330132 0.000364020637689966 1.53870925669566e-07 1.09784141825693
1e+06 0.571428571428571 0.000263791674727235 0.000194362898034879 6.86644310320704e-08 0.380729759792485
1e+06 0.293333333333333 0.000368311237050323 0.000290249042481496 1.10470034187968e-07 0.417774537467003
1e+06 0.333333333333333 0.000265538881421886 0.000197092686899039 5.0025327463902e-08 0.278178408275784
1e+06 0.215909090909091 0.00023624667522236 0.000507607508208801 3.66514044785125e-07 0.430883866490227
1e+06 0.105263157894737 0.000338048347810635 0.000331951944710552 1.30520351721314e-07 0.881266204581042
1e+06 0 0.000417591739743131 0.000369625996797765 1.41831803535012e-07 0.879905740580951
1e+06 0 0.00039621204863998 0.000406896630640356 1.82306840929276e-07 0.928173825899294
1e+06 0 0.000327508829825268 0.000369072803720948 1.43553647115234e-07 1.10851416700729
1e+06 0.553191489361702 0.000415256532588058 0.000152504317792924 3.33374219542063e-08 0.252396707776316
1e+06 0.555555555555556 0.000211188740753629 0.000119388880037412 1.83670654156682e-08 0.259702152203299
1e+06 0.588235294117647 0.000241849660592006 0.000214416683116598 8.63894176481143e-08 0.548525450033783
1e+06 0 0.000368932775931533 0.000395494143039442 1.60752629141394e-07 1.1084686414929
1e+06 0.4 0.000295918342228518 0.000319993736140716 1.68469638736585e-07 0.759351420680339
1e+06 0.727272727272727 0.000214350399101503 8.5309461412228e-05 1.0559935737251e-08 0.197390895613986
1e+06 0.631578947368421 0.000235265118811056 0.000169965191013951 6.60309862144836e-08 0.393012876745454
1e+06 0 0.000382095962800696 0.00048255741430894 2.50179046195895e-07 1.60122176183629
1e+06 0 0.000318410566775825 0.000331560192427303 1.17360823357529e-07 0.923024518115101
1e+06 0 0.000344562876625867 0.000472061811096157 2.52634460045662e-07 1.71055047242004
1e+06 0.86 0.000303267561546852 7.391804314593e-05 7.95296479131915e-09 0.158568815045529
1e+06 0.466666666666667 0.000246595668675355 0.000211378001204883 8.86379926906782e-08 0.561109164661247
1e+06 0.967741935483871 0.000220997665630753 7.10025811542297e-05 8.28755730227392e-09 0.155824145829543
1e+06 0 0.000320166081495578 0.000286125783888908 1.01821158051099e-07 0.679826171382426
1e+06 0.388888888888889 0.000350882792479368 0.000231116772358492 6.27724458268428e-08 0.584019284641646
1e+06 0 0.000373064031814041 0.00052368464475662 3.13264283298742e-07 1.79888943728158
1e+06 0.333333333333333 0.000269004114340776 0.000271285753484662 1.11048246524746e-07 0.821935249841612
1e+06 0.0714285714285714 0.000231854100617559 0.000554529577287418 3.98245858545876e-07 0.525755471964012
1e+06 0.777777777777778 0.000220566176285753 0.000110891295117241 3.48147262183884e-08 0.217109731217927
1e+06 0 0.000281107845103978 0.000287360344428685 1.06241913438986e-07 0.836295777130586
1e+06 0.218181818181818 0.000271280633177166 0.000186163456768208 4.35434972141967e-08 0.267105982614565
1e+06 0 0.000376631253054334 0.000476134018460567 2.43048506764052e-07 1.47348800226476
1e+06 0 0.000337770309683386 0.000451239142183546 2.38178577307642e-07 1.54533700761624
1e+06 0 0.000344200947817345 0.000462211575442925 2.47027235752142e-07 1.62847048337244
1e+06 0.3 0.000292866686181832 0.000253697528522603 8.79521644982467e-08 0.637345686214766
1e+06 0.540540540540541 0.000271730929254652 0.00013833884257167 3.02515581138347e-08 0.24862158009841
1e+06 0.527027027027027 0.000331463234793531 0.000195370355800674 5.72410160482068e-08 0.19914006629028
1e+06 0 0.000290433097832702 0.000341531996497524 1.48437315303591e-07 1.07121786544164
1e+06 0.225806451612903 0.000279753487500683 0.000246253244266386 7.53207226048467e-08 0.538061349983783
1e+06 0 0.000377216220904496 0.000479570510222631 2.51860523862126e-07 1.50810486447727
1e+06 0 0.000344562876625867 0.000472061811096157 2.52634460045662e-07 1.71055047242004
1e+06 0 0.000331783784596221 0.000396974149477162 1.72748234117566e-07 1.14382672836773
1e+06 0 0.000305437785030317 0.000243103222150274 6.38168744606536e-08 0.637769289447727
1e+06 0 0.000291902229506584 0.000348949002505177 1.40800093321329e-07 1.09859411192526
1e+06 0.647058823529412 0.000309618292027496 9.96698764552802e-05 1.21875695711618e-08 0.19591888927999
1e+06 0.439393939393939 0.000370901805515703 0.000231079725431262 7.29611737647751e-08 0.439276167053093
1e+06 0.493150684931507 0.000367118306315864 0.000192545274993308 6.29158431770664e-08 0.191802793292311
1e+06 0 0.00038161113873515 0.000411950712809076 1.76866127704897e-07 1.07629599461155
1e+06 0 0.000369035529860976 0.000483653696050622 2.56867748201788e-07 1.63081077929628
1e+06 0 0.000292088771815052 0.000263239727301421 8.83550577391746e-08 0.712280639620199
1e+06 0.230769230769231 0.000273311183172891 0.000291349529150757 1.25391640730423e-07 0.862782615276486
1e+06 0.294117647058824 0.000279322104311401 0.000245525149009632 8.75675522674559e-08 0.653612232070525
1e+06 0.7 0.000218102949310793 0.000138814424093029 4.50300216978238e-08 0.33182503540501
1e+06 0.780487804878049 0.000228458428846987 7.34350431906168e-05 7.5618138412961e-09 0.1563967189024
1e+06 0.666666666666667 0.000229508719914547 0.000155950276566835 5.59606190620235e-08 0.380675420031002
1e+06 0 0.000344562876625867 0.00046711515107158 2.45544484503137e-07 1.69466085383263
1e+06 0 0.000367903958313512 0.000460048491604127 2.60556881463141e-07 1.3337448819337
1e+06 0 0.00034592686904416 0.000482123305267824 2.71946749439524e-07 1.65134891992323
1e+06 0 0.000361064591288272 0.000435885771555303 2.0489776363446e-07 1.3444821531801
1e+06 0.551724137931034 0.000294235176742915 0.000161001475765068 3.4126002624761e-08 0.356059005936839
1e+06 0 0.000370709842252328 0.000409253287389865 1.75312503803122e-07 1.20591472539964
1e+06 0.0428571428571429 0.00023624667522236 0.000384117348143241 1.98286583009131e-07 0.423486642712877
1e+06 0.440677966101695 0.000279052094101803 0.000180722364487365 4.32388037157081e-08 0.252342365223097
1e+06 0.710526315789474 0.000262885510695912 0.000113009833234849 1.55884359957249e-08 0.234989730116565
1e+06 0.5 0.00027110302328675 0.000142434477732528 2.97817840241902e-08 0.316113538039463
1e+06 0 0.0002888647399825 0.000322665252387422 1.44772082944256e-07 0.991153120130351
1e+06 0 0.000361408736738667 0.000496595026563328 2.79408761660437e-07 1.75553518671772
1e+06 0 0.000360691199650029 0.000451651485459133 2.25968017554218e-07 1.45082759491631
1e+06 0 0.000342166773495074 0.000410246600548999 1.82182029265562e-07 1.26606491848201
1e+06 0.619047619047619 0.000239446534978607 0.00017834764202344 7.04660211705027e-08 0.391373469457485
1e+06 0.185185185185185 0.000264069405688391 0.000211075858395816 5.48915531665914e-08 0.317839040201462
1e+06 0.0410958904109589 0.000185777674218814 0.000409305980375184 1.97527036543725e-07 0.480732950138404
1e+06 0 0.000300590755953921 0.000375698660234526 1.78869497529731e-07 1.17880319788495
1e+06 0.137254901960784 0.000229746639687237 0.000222149881693153 6.33114452646789e-08 0.338999417859547
1e+06 0.217391304347826 0.000236171894632297 0.000173512913557534 3.45606107813908e-08 0.330030971169309
1e+06 0.577777777777778 0.000458105363354155 0.000255769199920561 1.3755974954229e-07 0.207805697107598
1e+06 0.0434782608695652 0.000315294603704609 0.000803815067246274 9.03949565631029e-07 0.548429828013207
1e+06 0 0.000295219936107274 0.000289661532848281 1.0230315864786e-07 0.808066857002117
1e+06 0 0.000339364052187246 0.000428043948897207 2.16264223509086e-07 1.38890563130651
1e+06 0.0319148936170213 0.00026186432760502 0.000604836187779639 4.73848124263674e-07 0.532168933954189
1e+06 0.0327868852459016 0.000200195028573875 0.00110745955697095 1.7368676860155e-06 0.679828149584963
1e+06 0.459459459459459 0.00030983693331498 0.000167958868922505 3.79968303663241e-08 0.300008548680309
1e+06 0.810810810810811 0.000315294603704609 8.68518123583474e-05 1.22697652364641e-08 0.179750025582478
1e+06 0.5625 0.000370901805515703 0.000185843832441249 5.55240935818406e-08 0.232442946062498
1e+06 0.972972972972973 0.000297251405536234 6.79410742220799e-05 7.38102588492545e-09 0.14557267640921
1e+06 0.111111111111111 0.000296289131028611 0.000286551932849264 1.0868935478699e-07 0.763567409528616
1e+06 0 0.000329844337239967 0.00044754385043182 2.33072612694536e-07 1.53598716560706
1e+06 0 0.000339262191893712 0.00038907091978855 1.6573988369488e-07 1.07772604912185
1e+06 0.132530120481928 0.000292019653525617 0.000367442943968644 1.91631266355187e-07 0.344345366836591
1e+06 0.892857142857143 0.000242749220088299 5.46822685783555e-05 1.26399197184803e-08 0.099587099689405
1e+06 0.75 0.000218485076532322 0.000131944871091027 4.37810134599998e-08 0.311415522361674
1e+06 0.439024390243902 0.000360692960554618 0.00020053989869901 5.5530095436887e-08 0.515234528791481
1e+06 0.142857142857143 0.000263495057504387 0.000266046250964372 1.03508874886897e-07 0.77100396476196
1e+06 0 0.000400470615649942 0.000393993588479228 1.88922609682352e-07 0.91286016103429
1e+06 0 0.000340843127531912 0.00044937146207317 2.35828031374767e-07 1.53763420852884
1e+06 0 0.000378416839503825 0.00044244028120298 2.02775561169107e-07 1.33993597480091
1e+06 0 0.000344562876625867 0.000472061811096157 2.52634460045662e-07 1.71055047242004
1e+06 0.617647058823529 0.00035044853286036 0.000177033429765712 6.23911693652831e-08 0.170224499677268
1e+06 0.903846153846154 0.000350882792479368 8.76431681358878e-05 1.02049860593291e-08 0.150709543581715
1e+06 0 0.000365390771307561 0.000516989947221754 3.08258101625219e-07 1.82164907197803
1e+06 0 0.000336715933941675 0.000425434310442483 1.98997081027799e-07 1.30904207518001
1e+06 0.451612903225806 0.000258918572218302 0.00015247705252659 3.69136399685716e-08 0.301101788598009
1e+06 0.818181818181818 0.00025465631168643 7.35275442805723e-05 6.7185565323452e-09 0.155191009202804
1e+06 0 0.000299652024868431 0.000352117881784183 1.67464703440567e-07 1.11390522896236
1e+06 0.0277777777777778 0.000192722328797203 0.000871668267335636 9.77623427109884e-07 0.65200971222837
1e+06 0 0.0003317498946601 0.000390722557243191 1.7089605970012e-07 1.19474460192407
1e+06 0.526315789473684 0.000256074427671808 0.000201537035950201 7.71136654688178e-08 0.48269233592659
1e+06 0 0.000382324578946092 0.000307634501600846 9.70372892448497e-08 0.738727842175943
1e+06 0 0.000353579595109072 0.000389677793245245 1.65462855465497e-07 0.958557328790985
1e+06 0.883720930232558 0.000277931349193658 7.31349887357427e-05 7.51398870147204e-09 0.146850452234092
1e+06 0.308823529411765 0.000352633272194429 0.000204803874014321 5.65623495356816e-08 0.258313901458393
1e+06 0 0.000364779318305105 0.000508533214877938 2.95537847079191e-07 1.79456955061912
1e+06 0.2 0.000378831003099782 0.000278608602349605 9.37414083888556e-08 0.657822830297273
1e+06 0.0588235294117647 0.000297015162778827 0.000328770988551247 1.54233830849215e-07 0.875800999325109
1e+06 0.555555555555556 0.000246659919344903 0.000207814671066943 8.32791825963169e-08 0.512554777963411
1e+06 0 0.000327368219023022 0.000437569469766258 2.33214110085067e-07 1.48845601998257
1e+06 0 0.000398420573938758 0.000549711970244205 3.40520020213077e-07 1.84051609953946
1e+06 0 0.000411827496688282 0.000419087874169664 1.9378046081137e-07 1.08288950145979
1e+06 0 0.000387604955461797 0.000463269577831922 2.33025277197119e-07 1.39325825475324
1e+06 0 0.000423937692039201 0.000411224899939952 2.04081791874876e-07 0.95977744133634
1e+06 0.266666666666667 0.000294807456758817 0.000290012295657848 1.19013216313663e-07 0.814313429739244
1e+06 1 0.000315294603704609 8.32011631927777e-05 1.14894380289407e-08 0.125141464646165
1e+06 0 0.000418947317642996 0.000477026868232286 2.39896943708089e-07 1.36735032956524
1e+06 0.0921052631578947 0.000265990769333563 0.000393988392944706 1.92481588603107e-07 0.424823798744813
1e+06 0.475 0.000263656801423905 0.000150450292832579 2.9483112422989e-08 0.275965141648045
