1e+06 0 0.000355739145839927 0.000386390683108074 1.56866279818515e-07 0.999564193010469
1e+06 0.75 0.000220235622985329 0.000116186635825495 2.72036884734061e-08 0.238334791360029
1e+06 0.36 0.00023658591313672 0.000164576429367598 3.29107699740062e-08 0.27753936567264
1e+06 0 0.000379901095040808 0.000527383296331952 3.14747867230765e-07 1.81426918989337
1e+06 0.05 0.00039509290333325 0.000401820649206696 1.92195282456014e-07 1.04477004421335
1e+06 0.934782608695652 0.000295494712313087 7.52795227573794e-05 7.49499707954196e-09 0.131205797964169
1e+06 0 0.000365390771307561 0.00050984856640454 2.96610029432995e-07 1.79926568795158
1e+06 0 0.000354633939443637 0.000481332497129419 2.65394970477177e-07 1.60901234562107
1e+06 0.736842105263158 0.00022162099022048 0.000128611373703861 4.53198629450191e-08 0.29285966209303
1e+06 0 0.000326882104226976 0.000422101998913932 2.00581415505615e-07 1.3897392439386
1e+06 0 0.000378974329945926 0.000515499520267742 3.01479489732308e-07 1.72394511590869
1e+06 0.592592592592593 0.00023449560059712 0.000137344844436887 4.2949305515462e-08 0.286224182971568
1e+06 0 0.000395659620869623 0.000476579753781592 2.41866457365007e-07 1.47753214040341
1e+06 0.296296296296296 0.000292019653525617 0.000164917004980508 3.62264460486468e-08 0.407667205611632
1e+06 0.105263157894737 0.000282628282124811 0.000245104232717413 7.85576195568061e-08 0.641438340762843
1e+06 0.780487804878049 0.000323406625899813 0.000112253140440189 1.39187973129044e-08 0.251436220963449
1e+06 0.272727272727273 0.000314037380830276 0.000253976104622448 9.32832907486762e-08 0.588041821835991
1e+06 0.543478260869565 0.00023624667522236 0.000164168097225991 4.58342864348432e-08 0.238887839017769
1e+06 0.0967741935483871 0.000369319776911399 0.00025743704784951 7.32144768426289e-08 0.566344884368878
1e+06 0 0.000309437951497624 0.000376629884928857 1.65171793691503e-07 1.17345259430447
1e+06 0.714285714285714 0.000232817873799928 0.000124203977782615 2.3981685261852e-08 0.232336475149279
1e+06 0 0.000392154609097376 0.000477101837862157 2.38739249096521e-07 1.33923858682021
1e+06 0.380952380952381 0.000182762204790991 0.000144792509101334 3.46384622869723e-08 0.366183114029834
1e+06 0 0.000368352374120015 0.000419244929884097 1.86280112365226e-07 1.27564752483747
1e+06 0.0373831775700935 0.000321549265261663 0.000655267677819736 6.5807149898766e-07 0.448922767348693
1e+06 0.619047619047619 0.000258713061424405 0.000118748332286635 2.40670156511475e-08 0.200757885626391
1e+06 0 0.000378039960897315 0.00026746451770827 7.73376057502183e-08 0.614376790467097
1e+06 0.892857142857143 0.000232824815062811 8.11262811739531e-05 1.94824502568567e-08 0.167357534812627
1e+06 0 0.000343776336836219 0.000392967450818565 1.61826024612054e-07 1.11955150034553
1e+06 0.450704225352113 0.000299480039527575 0.000255800025233514 1.11027866821112e-07 0.241600647303326
1e+06 0 0.000366131608075576 0.000438089227846723 2.01786122365546e-07 1.40052968868435
1e+06 0 0.000400134851953983 0.000426803432136569 1.97237372781395e-07 1.0899913429761
1e+06 0.636363636363636 0.000317359200771028 0.000132926373363888 2.25163687566905e-08 0.288482129116299
1e+06 0 0.000345720254343796 0.000473223187177251 2.5541090484052e-07 1.67268234370407
1e+06 0.5625 0.000277931349193658 0.000118105484574638 2.09519150368339e-08 0.322630422482217
1e+06 0.260869565217391 0.000276451560606668 0.000287426324306549 1.21972810949584e-07 0.308483715444253
1e+06 0.5 0.000296814169817433 0.000158935166147914 3.97292854859766e-08 0.325201874210466
1e+06 0.538461538461538 0.000261005218000243 0.000149630135414293 4.03262219376154e-08 0.306837817921602
1e+06 0 0.000311892504098158 0.000360347969928335 1.38668976766879e-07 1.15399384013335
1e+06 0.024 0.000281007745085155 0.000960176994786009 1.31297629630001e-06 0.585200427587693
1e+06 0.730769230769231 0.000233453794810676 0.000123816213615665 3.84042359876008e-08 0.238623166449245
1e+06 0.59375 0.000240459796231121 0.000133025360585895 2.59433400012644e-08 0.271631169354101
1e+06 0.5 0.000397125450182607 0.000194744971113796 4.44303286828306e-08 0.353826449353592
1e+06 0.779411764705882 0.000342509107357983 0.000116638248644545 2.3274747269615e-08 0.151275276251512
1e+06 0.916666666666667 0.000280869039238016 8.20959732701622e-05 8.44956267957294e-09 0.186691525736895
1e+06 0 0.0003795306914797 0.000439986675346261 2.2400773406384e-07 1.26495437950427
1e+06 0.391891891891892 0.000350222715583692 0.000274623701100569 1.330039943634e-07 0.27592871608097
1e+06 0.529411764705882 0.000251209556912968 0.000209109336895248 8.60896328256104e-08 0.522315747986575
1e+06 0 0.000328610261803901 0.00043768457399061 2.18923647974043e-07 1.46726287061518
1e+06 0 0.000314934701097791 0.000238785441400005 6.25476247260635e-08 0.591802096833524
1e+06 0 0.000410481524517032 0.00053319137728853 3.15102787376194e-07 1.71058292627783
1e+06 0 0.000387722384067225 0.000410500945424566 1.7440279865645e-07 1.09803196266325
1e+06 0 0.000401121049200008 0.000531455660779143 3.13000146362478e-07 1.70543142752185
1e+06 0 0.000372235096689999 0.000477597021757043 2.4615128552058e-07 1.44234043428045
1e+06 0 0.000368189833086663 0.000495063250316409 2.72625920218792e-07 1.6648298653504
1e+06 0.130434782608696 0.000244279650219555 0.000348541927336792 1.57686501623777e-07 0.39000791939597
1e+06 0.0754716981132075 0.000247058989097744 0.000245329945949663 7.15531092413838e-08 0.37217293655261
1e+06 0 0.000405313317877016 0.000401745028998091 1.64680958330925e-07 1.01285266359638
1e+06 0.157894736842105 0.000235056935379079 0.00022429880639756 5.92612655240127e-08 0.344305360745145
1e+06 0.157142857142857 0.000256824809531372 0.000315668608968648 1.35093541160422e-07 0.343493614442728
1e+06 0 0.000401833197274005 0.000439954994790245 1.9964796722283e-07 1.1302086442815
1e+06 0.219178082191781 0.000258713061424405 0.000275432779297541 9.9005946941447e-08 0.310851718987778
1e+06 0.935483870967742 0.00023624667522236 6.65019199157517e-05 1.25018677438079e-08 0.123614057054094
1e+06 0 0.000354898481898744 0.00048743685879651 2.69148516820371e-07 1.723438444764
1e+06 1 0.000295713921760702 5.96758365179736e-05 5.21694357161707e-09 0.121447473080203
1e+06 0.315789473684211 0.000326853008790812 0.000263905166583849 1.02007301165632e-07 0.659092695810792
1e+06 0.352272727272727 0.000332389988226256 0.000376910723771306 2.34848915888679e-07 0.304004260194336
1e+06 0 0.00044511259903631 0.000381661881195695 1.58887263993528e-07 0.885056159265725
1e+06 0 0.000380594185287185 0.000455393767485573 2.24311024756458e-07 1.4369993193006
1e+06 0 0.000524963086974177 0.000634270376749237 4.36713601514415e-07 1.80069331822478
1e+06 0 0.000367694412941869 0.000509662107401545 2.99102758209407e-07 1.6999728950162
1e+06 0.5 0.000262120628156495 0.000197377537891084 7.11209836871473e-08 0.463344615642577
1e+06 0 0.000379922781756381 0.000410845096836577 1.7263027203953e-07 1.10130534895247
1e+06 0.0909090909090909 0.000298217862502006 0.000287664692774523 1.09912473622686e-07 0.698462897035351
1e+06 0 0.000275501459135773 0.00029728454797286 1.05127645304793e-07 0.892668480936176
1e+06 0 0.000296778340819083 0.000371262890469706 1.62876333569458e-07 1.18900703467337
1e+06 0.888888888888889 0.000315294603704609 8.3048899340491e-05 1.13099002748268e-08 0.171628820915784
1e+06 0.258064516129032 0.000313373575618613 0.000213580900068006 4.91308672715645e-08 0.549851684437653
1e+06 0 0.000321549265261663 0.000272841343760397 7.86482403645616e-08 0.710710546917343
1e+06 0.0416666666666667 0.000280372140317184 0.000249580818480611 7.10273604227988e-08 0.645726665754578
1e+06 0 0.000316034219283274 0.00035510060548373 1.39218876920488e-07 1.05240377069107
1e+06 0 0.000349667181740869 0.000427245856665797 1.98470156736182e-07 1.09864710312445
1e+06 0 0.000353543903439503 0.000472994800201143 2.5008572586696e-07 1.55592800248718
1e+06 0 0.000354649384760917 0.00042812910497377 2.06424487659082e-07 1.27129720287334
1e+06 0.0447761194029851 0.000259831666776468 0.000293937969967256 1.03484796936834e-07 0.379171329943518
1e+06 0 0.000314017841394825 0.000386949154344229 1.77140542897299e-07 1.19834528506853
1e+06 0 0.000342066547332298 0.000410036629594953 1.79713914946433e-07 1.33517041542479
1e+06 0 0.000324163691321773 0.000410244368503035 1.89459218572619e-07 1.12757093507325
1e+06 0 0.000416103071658023 0.000471463260881758 2.31907962641042e-07 1.36980664282839
1e+06 0 0.000304364230339584 0.000369163359750418 1.72052768142995e-07 1.21208530687126
1e+06 0.8 0.000440655182017489 9.96692478674372e-05 1.51859761307172e-08 0.164434825934905
1e+06 0 0.000357249078409283 0.000487270875854493 2.68508315014835e-07 1.72331789873832
1e+06 0.4375 0.000230355004069408 0.00014791275824692 2.72844075028583e-08 0.259918749424043
1e+06 0 0.000288653736777738 0.000232235700526623 6.02320676644553e-08 0.605820063407024
1e+06 0 0.000291656921788917 0.000320567043067367 1.19409534373998e-07 0.979409095125604
1e+06 0 0.000324592439065326 0.000434366192308219 2.18619963877237e-07 1.45302143435743
1e+06 0 0.000310759508511228 0.00037536261460105 1.64540472127185e-07 1.19858692328278
1e+06 0.608695652173913 0.000226210880761005 0.000104588549592608 1.40530070707402e-08 0.19984844762418
1e+06 0.325 0.000358642636992008 0.000219116883581598 6.30701290867868e-08 0.37463895023272
1e+06 0 0.000385965718784551 0.000461247919831179 2.2248055935431e-07 1.44341636745407
