1e+06 0 0.00037428712163904 0.0004783071492685 2.54739081770891e-07 1.36418897011899
1e+06 0.25 0.000291426238128106 0.000199359964756354 5.49781387174604e-08 0.502219844122515
1e+06 0.673469387755102 0.000269706488113864 0.000103364981961721 1.3332694057497e-08 0.183576491523815
1e+06 0 0.000359106946309152 0.000496205783237336 2.80043825742784e-07 1.75296225179343
1e+06 0 0.000400954438579735 0.000472100021828445 2.72767443833113e-07 1.33318920945239
1e+06 0.857142857142857 0.000226210880761005 9.05878377365095e-05 2.33348624827352e-08 0.175817118725194
1e+06 0 0.000365390771307561 0.000516829693267917 3.07572166397719e-07 1.82128950607394
1e+06 0 0.000347981723575831 0.000455402210958991 2.32202979207447e-07 1.53016332731174
1e+06 0.684210526315789 0.000232225425164194 0.000146560932788382 5.29972588171056e-08 0.335868796474049
1e+06 0 0.000268017488336721 0.000296048220329214 1.12793133066973e-07 0.833748723934253
1e+06 0 0.000385040972879529 0.000524526497389956 3.08589445336189e-07 1.75866475234871
1e+06 0.590909090909091 0.000228833414490385 0.000149824577272992 4.60136235352727e-08 0.346032367553463
1e+06 0 0.000370622824987797 0.000440247676383595 2.10733131109269e-07 1.38728870771556
1e+06 0.294117647058824 0.000284913464180988 0.000298971096069585 1.31053099780798e-07 0.792822003594774
1e+06 0.125 0.000288061437623174 0.00027547491734226 1.00284431108322e-07 0.76913508769475
1e+06 0.8 0.000317197237200438 0.000108017116183026 1.36974419540905e-08 0.227659797979881
1e+06 0.333333333333333 0.000309352369784532 0.000228512768065607 7.96248628618335e-08 0.536768448077964
1e+06 0.217391304347826 0.000319002731890742 0.000301880244372222 1.26458654154912e-07 0.693345871317335
1e+06 0.133333333333333 0.000377577770876004 0.000266088220760887 7.92039094954121e-08 0.593449595442686
1e+06 0 0.000298442532200167 0.000267775941614231 9.18626472427054e-08 0.644807209574864
1e+06 0.0379746835443038 0.000252776481869331 0.000414629203072207 2.11798405427499e-07 0.45121346211435
1e+06 0 0.000363931731661047 0.000462957753140937 2.31119295919509e-07 1.53662795881321
1e+06 0 0.000260772323923278 0.000234017395381367 7.81124369065232e-08 0.634599535671641
1e+06 0 0.000386643901706458 0.000429541924245774 1.94410139991615e-07 1.23330381778913
1e+06 0.346153846153846 0.000248836507384419 0.000189739934483432 5.51059282037481e-08 0.412096198467116
1e+06 0.771929824561403 0.000282004433613964 0.000102826102931381 1.41826156840463e-08 0.167454507185664
1e+06 0 0.00035433193618067 0.00035109558216371 1.51334368455512e-07 0.821422424091222
1e+06 0 0.000319150430799464 0.000311806677282521 1.01197359106075e-07 0.830263401898853
1e+06 0 0.000364494493073867 0.0004181666229432 1.83486643006445e-07 1.30625616873346
1e+06 0.111111111111111 0.000351730527445636 0.000344220549328626 1.50271612955988e-07 0.91730147943287
1e+06 0 0.000374045851605645 0.00045352593077747 2.18789880413739e-07 1.3491769293629
1e+06 0.833333333333333 0.000291324166814531 0.000111841982918948 1.8228200848508e-08 0.219171947105997
1e+06 0 0.00036393055812165 0.000342220733649325 1.32077677171298e-07 0.841743410465378
1e+06 0 0.000320945128733452 0.000413517836291475 2.01659166555623e-07 1.41441984448393
1e+06 0.333333333333333 0.00031580257802911 0.000182031832609579 3.67471134826747e-08 0.448685385918817
1e+06 0.230769230769231 0.000259974184226867 0.000256667103903283 9.90607886170298e-08 0.759863101644338
1e+06 0 0.000295637854672862 0.000330542270354918 1.21969808661057e-07 1.00844552892134
1e+06 0 0.000393178150238084 0.000475349640115857 2.54596026839446e-07 1.47954704027443
1e+06 0 0.000324560301622018 0.000379212465727764 1.54319484729632e-07 1.18007941340883
1e+06 0.709090909090909 0.000296322309291581 0.000116833300552207 2.16792259752751e-08 0.154770164820662
1e+06 0.611111111111111 0.000224968301248419 9.52288179966795e-05 1.24114344557141e-08 0.178316461916788
1e+06 0.315789473684211 0.000249890906178617 0.00020279439554673 6.33716710823977e-08 0.532440526075486
1e+06 0.790697674418605 0.000363525419350773 0.000139115651828531 2.19986019858901e-08 0.254008165791269
1e+06 0.16 0.000237753652884807 0.000294790274558189 1.07467702918106e-07 0.32499400488298
1e+06 0 0.000384665332998077 0.00047949362950937 2.46629108849583e-07 1.48222737203833
1e+06 0 0.000336164583316554 0.000368063268602832 1.5825793028609e-07 0.969808797628153
1e+06 0 0.000297824659814317 0.000304635250075407 1.01760124518933e-07 0.89285136592749
1e+06 0 0.000283371151821779 0.000292756465472725 1.12622771826566e-07 0.790455336840468
1e+06 0 0.000324883527430988 0.000437988856057506 2.22568883150433e-07 1.43277935057288
1e+06 0.0384615384615385 0.000314921614701982 0.000240078589336658 6.58209698959272e-08 0.576723048489891
1e+06 0 0.000400773188198548 0.000529845481188526 3.12322624985349e-07 1.73968049705978
1e+06 0 0.000388574029693978 0.000383627609247483 1.53199710815424e-07 0.952401122907773
1e+06 0 0.000373258563241783 0.000476844093455546 2.69641111171225e-07 1.50393094101738
1e+06 0 0.00038967847478964 0.000501112655414362 2.69084481189182e-07 1.54872481424811
1e+06 0 0.000311725005383793 0.000350869857266673 1.55546345225495e-07 1.12207915954952
1e+06 0.130434782608696 0.000247058989097744 0.000337051793131787 1.46763763838464e-07 0.379158318711925
1e+06 0.315789473684211 0.000300450139887601 0.000271338526115056 1.04042349093096e-07 0.687281780670925
1e+06 0 0.000385620963425234 0.000414508908024502 1.86566085678068e-07 1.19313170729918
1e+06 0.173076923076923 0.000247449127068369 0.000178411748309379 3.71329853205117e-08 0.29219048362523
1e+06 0 0.000483373440550295 0.000554884752362471 3.23687740774053e-07 1.37719281138214
1e+06 0 0.000342491801496446 0.000348845355663699 1.25304240372184e-07 0.911159647048733
1e+06 0.235294117647059 0.000347947126794425 0.000188035414437331 4.08196511015617e-08 0.386200937928232
1e+06 0 0.000317621839391297 0.000414133993063329 1.96094213518642e-07 1.36029925309761
1e+06 0 0.000437346742252009 0.000551058002061886 3.27728095112117e-07 1.62493966038819
1e+06 1 0.000284840648576678 5.74142909408764e-05 5.18995590795058e-09 0.108702445870013
1e+06 0.333333333333333 0.000314730796403269 0.000291495623464931 1.32258693392717e-07 0.735324059418108
1e+06 0.444444444444444 0.000336877368805914 0.000341449843939917 2.08910536531665e-07 0.285060248042612
1e+06 0.235294117647059 0.000310897152712051 0.000315504806869921 1.39889690289731e-07 0.837365149042655
1e+06 0 0.00040822234394611 0.00051242164027147 2.80469459023015e-07 1.62503600861999
1e+06 0 0.000396711779319429 0.000525448206140137 3.06612847631508e-07 1.68516557569921
1e+06 0.3 0.000286211014685624 0.000205884887295981 4.89972435972162e-08 0.493156522521951
1e+06 0 0.000325662899312375 0.000318625070345782 1.16178384227612e-07 0.906174403006506
1e+06 0 0.000371665507861644 0.000415724623845918 1.8123148334508e-07 1.19672453798012
1e+06 0 0.000305357533311283 0.000343215111361759 1.4574926810384e-07 1.00169248886005
1e+06 0 0.000273280881808819 0.000291855468336166 1.01414283723044e-07 0.877670744642694
1e+06 0 0.000275980163382924 0.000310742448084915 1.20362746695412e-07 0.917469499752657
1e+06 0.658536585365854 0.000370901805515703 0.000154989770415861 3.21786833071266e-08 0.29081255291576
1e+06 0.861111111111111 0.000258713061424405 9.60716036989941e-05 1.26864764313061e-08 0.221256562380869
1e+06 0 0.000319444014451515 0.000325287222100701 1.13827315497889e-07 0.893489676989899
1e+06 0 0.00028786499911505 0.000349150270925132 1.42332082265375e-07 1.09769015449022
1e+06 0 0.000340320366823562 0.000400786904522849 1.89482898210927e-07 1.20375268485636
1e+06 0 0.000414511445155162 0.000374487912422084 1.44235918724705e-07 0.843573746411552
1e+06 0 0.00042509099327424 0.000481144374061414 2.4311603926659e-07 1.29867596244786
1e+06 0.318181818181818 0.000300304272747894 0.000243077755244953 8.61427034388372e-08 0.567794076883333
1e+06 0.581818181818182 0.000258713061424405 0.000122552209911003 1.90083058963575e-08 0.213562281019807
1e+06 0 0.000283099327896429 0.000312973581463514 1.35236753065916e-07 0.892483695166671
1e+06 0 0.000328493252550193 0.00036159673196297 1.4026337531882e-07 1.07693378187399
1e+06 0 0.000323124221137263 0.000371615638138079 1.67637225867615e-07 1.0083012052658
1e+06 0.363636363636364 0.000283088482528369 0.000172231805873356 3.96820336815825e-08 0.433838196954327
1e+06 0.307692307692308 0.000360757391979973 0.000273330175073378 1.04293247802388e-07 0.586393813675586
1e+06 0 0.000464078632861146 0.000512968354045713 2.93159224070041e-07 1.40600567928461
1e+06 0 0.000344562876625867 0.000464884640792688 2.42644594970889e-07 1.68727013598715
1e+06 0.826086956521739 0.000240533488304325 0.000115448035858395 3.33395923156516e-08 0.258791656332767
1e+06 0 0.000288889771350381 0.000263563730868245 8.42793558359508e-08 0.652172408930838
1e+06 0 0.000281421730685538 0.000320130913382929 1.21456829925585e-07 0.958962299506458
1e+06 0 0.000297709852881464 0.000367483512421113 1.54268906366098e-07 1.18665775768548
1e+06 0 0.000365747158413386 0.000482397114578932 2.55263006531426e-07 1.62725430327614
1e+06 0.833333333333333 0.000247058989097744 9.75160936086618e-05 1.38276099071899e-08 0.174406318553024
1e+06 0 0.000395417901807509 0.000420907257254681 1.95007219990186e-07 1.1078007513963
1e+06 0 0.00037588491493909 0.000458499639464522 2.2119560707513e-07 1.4636103434436
