1e+06 0 0.000354984762599874 0.000385782281548155 1.56436861551161e-07 0.99693086900919
1e+06 0.421052631578947 0.00027692825639871 0.000174272823798549 4.9579091574495e-08 0.431804350250935
1e+06 0.173076923076923 0.000219333105490261 0.000213539069577722 5.41743012620135e-08 0.328752807556693
1e+06 0 0.000361481380323058 0.000500418173605528 2.84495618249928e-07 1.7678609265193
1e+06 0.0526315789473684 0.000401886736994272 0.000430097203022984 2.25084644351158e-07 1.13620487336035
1e+06 0.827586206896552 0.000216892241162565 9.71841543668161e-05 2.52205438668829e-08 0.18257673695625
1e+06 0 0.000313666742579012 0.00040474260063504 1.88915892536287e-07 1.23436409084175
1e+06 0 0.000516916358686367 0.000620753408529645 4.09009804229509e-07 1.68105816539088
1e+06 0.529411764705882 0.000410786715771998 0.00013843604314578 2.74093067474605e-08 0.262567805616856
1e+06 0.454545454545455 0.000370901805515703 0.000216438773429166 5.33866786946608e-08 0.50257064984814
1e+06 0 0.000355822334642438 0.00048187248746547 2.62653611417732e-07 1.6152398135556
1e+06 0.538461538461538 0.000251279351280598 0.000181176819305855 6.33472038763557e-08 0.375990648868503
1e+06 0 0.00038678595320796 0.000455862186243107 2.17298727094914e-07 1.42636415690968
1e+06 0.678571428571429 0.000247058989097744 9.64510516655216e-05 1.60764969188385e-08 0.248181349842137
1e+06 0.714285714285714 0.000325821974073358 0.000126068679029681 2.48551418390525e-08 0.149345585461309
1e+06 0.54 0.000257207882859874 0.000124735645583537 2.46592239943265e-08 0.178294365173123
1e+06 0.727272727272727 0.000244039318074073 0.000137661215202097 4.36733080580323e-08 0.236824685879003
1e+06 0.277777777777778 0.000315552332265941 0.00025158686428974 9.10048867311671e-08 0.64723724244187
1e+06 0 0.000416103071658023 0.000340608119734977 1.26501291458223e-07 0.804410566819203
1e+06 0 0.000339465790129894 0.000435495250958163 2.17310225253795e-07 1.42421802624993
1e+06 0.192982456140351 0.000252157362716828 0.000215114753130371 5.59623958207513e-08 0.352834754247647
1e+06 0 0.000359400729965116 0.000459190570654 2.285954542697e-07 1.52051014541104
1e+06 0.5 0.000190059423679274 0.000152154919986066 4.48532977670861e-08 0.355436292857885
1e+06 0 0.000375319568279113 0.000439977010352898 2.01342774592694e-07 1.35304445651074
1e+06 0.846153846153846 0.000314678856571797 6.34028978095525e-05 5.4306917585474e-09 0.130563824921148
1e+06 0.344827586206897 0.000305230344349181 0.000190559521352629 5.20452368874453e-08 0.388255402863357
1e+06 0.102362204724409 0.000267125932595128 0.000925289849308564 1.25191494594343e-06 0.5255309458393
1e+06 0.354838709677419 0.000195021349555996 0.00013401995273677 2.48272599769667e-08 0.291298849245918
1e+06 0 0.000336877368805914 0.000390453864242552 1.61228020489482e-07 1.08717288247237
1e+06 0.421052631578947 0.000278157964552884 0.000208878223621873 7.89060040253368e-08 0.499935939701156
1e+06 0 0.000389745040017568 0.000476424381942067 2.40121856916707e-07 1.51858653541295
1e+06 0 0.000320449180356234 0.000382695150548217 1.62894209123149e-07 1.15045495211532
1e+06 0.484848484848485 0.000245912143188393 0.000182099983410257 4.08054162894869e-08 0.246384842452301
1e+06 0 0.000327145543942512 0.00042963217310958 2.27713883044071e-07 1.38375285086718
1e+06 0.269230769230769 0.000332389988226256 0.000200700520793198 5.30684140172555e-08 0.451091639701651
1e+06 0.428571428571429 0.000323527650491372 0.000165172004971666 4.27419853294298e-08 0.332242296147801
1e+06 0 0.000290198988618218 0.000318196644180319 1.12673275593579e-07 0.97414591066694
1e+06 0.44 0.000189852405823676 0.000131070561448576 2.667586626449e-08 0.306065769922727
1e+06 0 0.000335211559401719 0.000406840171138489 1.83494886700982e-07 1.24803996894201
1e+06 0.105691056910569 0.000341176347774763 0.000783336363894811 1.009995232056e-06 0.439263071576098
1e+06 0.157303370786517 0.000370901805515703 0.00037440439435926 2.03503657972306e-07 0.345227316202759
1e+06 0.236842105263158 0.000326519299252689 0.000268767367901961 1.03176057905569e-07 0.280105297825987
1e+06 1 0.000376069158206649 7.65292298172762e-05 7.03075047375378e-09 0.124677813846459
1e+06 0.134146341463415 0.000257109224219485 0.000390641486881959 1.90537828904459e-07 0.39077255959995
1e+06 0.121212121212121 0.00030387194763832 0.00023411418828096 5.84978028169805e-08 0.565432839282917
1e+06 0 0.000366162444240807 0.000435510002240233 2.23690367232523e-07 1.27604312701131
1e+06 0 0.000347676162011986 0.000364893392572358 1.50781628254672e-07 0.884013576039181
1e+06 0.555555555555556 0.000235870268204403 0.00019670727128389 7.39599175871214e-08 0.490325049129708
1e+06 0 0.000335638414171236 0.000454657311557647 2.37580886084844e-07 1.48767872351997
1e+06 0 0.000406317464030882 0.000438385829355626 2.00165626641023e-07 1.12867129889537
1e+06 0.233333333333333 0.000398895100638762 0.000319951293671569 1.3332558900996e-07 0.649918287555822
1e+06 0 0.000431483066812326 0.000434339765420469 1.95018463362538e-07 1.10836774819046
1e+06 0.0666666666666667 0.000247058989097744 0.000274656712424915 9.2683749758545e-08 0.375326269734138
1e+06 0 0.000425426504556137 0.000334657544102 1.16402260896553e-07 0.784595562286342
1e+06 0.257142857142857 0.00039258939556675 0.00024532662146027 7.46595805422437e-08 0.474517408944347
1e+06 0.125 0.000241551834490121 0.000442662328373084 2.76634865083763e-07 0.455639665980882
1e+06 0.368421052631579 0.000303050046752782 0.000176502241241854 4.31836583028103e-08 0.320743303258817
1e+06 0 0.000410830192055931 0.000382095393247305 1.48863447960375e-07 0.934972170713671
1e+06 0.04 0.000227424971471099 0.0004474013851405 2.47401464655597e-07 0.4929455861159
1e+06 0 0.000423454434913232 0.000526912443620547 2.98341150731264e-07 1.59241032534644
1e+06 0 0.000433400240725999 0.000520084640648378 2.90639250440263e-07 1.57381300457856
1e+06 0.0412371134020619 0.000226210880761005 0.000607823689997935 4.91974836784154e-07 0.496449692082187
1e+06 0 0.000391503503908236 0.000504523069941704 2.78573244894728e-07 1.62486342352506
1e+06 0 0.000344562876625867 0.000470680262017798 2.50542959543083e-07 1.70618626140645
1e+06 0.619047619047619 0.00023624667522236 0.000141207014783273 2.91694096607389e-08 0.240177817741157
1e+06 0.391304347826087 0.000301106324237762 0.000192272902706424 6.11997752229348e-08 0.432011485697069
1e+06 0.482758620689655 0.000302105663774307 0.000152318764706256 3.42669682397194e-08 0.20849453764466
1e+06 0.142857142857143 0.0003364845458155 0.000378540374718817 1.88001547302735e-07 1.10349424371191
1e+06 0 0.000370901805515703 0.000386186298763421 1.53852059295592e-07 1.08524318453172
1e+06 0 0.000344562876625867 0.000472061811096157 2.52634460045662e-07 1.71055047242004
1e+06 0 0.00035002468001026 0.000471695375193186 2.49004119823537e-07 1.67192061517782
1e+06 0.6 0.000205402208499138 0.000117793898035082 2.00789855878818e-08 0.254049605567223
1e+06 0 0.000389781967745409 0.000429301899177727 1.89182920368075e-07 1.13111324727462
1e+06 0.653846153846154 0.000232677343731851 0.000133306974088424 4.41731541689331e-08 0.255532130486707
1e+06 0 0.000264395732771404 0.000274597431951891 9.07544563522254e-08 0.83150720763799
1e+06 0 0.000270712107135661 0.000298787038363413 1.14311782127132e-07 0.897453459779993
1e+06 0.529411764705882 0.000370224745897582 0.000165404823543459 3.72884083655155e-08 0.341000813767757
1e+06 0 0.000375046907768409 0.000371185237369923 1.40475098228947e-07 0.937347114666943
1e+06 0.172413793103448 0.000315294603704609 0.000247860321227698 6.63212794003102e-08 0.640446568604344
1e+06 0.509433962264151 0.00039258939556675 0.000182756165707555 4.91076857247482e-08 0.419880996411076
1e+06 0 0.000325855236582831 0.000311220870474181 1.00140009421765e-07 0.851713636509346
1e+06 0 0.000360788218568256 0.000384160364650731 1.53807548765781e-07 0.975152748473746
1e+06 0 0.0003449116351588 0.000451378704225367 2.25581372362568e-07 1.52192982782748
1e+06 0.685714285714286 0.00022729891950782 0.000115833583772162 1.84645208371949e-08 0.222125776548054
1e+06 0.5 0.000243207940826672 0.000111089809241321 1.50920369150554e-08 0.248458100910745
1e+06 0 0.000336546689854681 0.000453237211347614 2.34068532231991e-07 1.48755397323456
1e+06 0 0.000337733710595596 0.000412115265601186 1.83064306708252e-07 1.36960639898554
1e+06 0.696969696969697 0.000248553207894685 0.000119041352525189 1.91910431960505e-08 0.241372012674254
1e+06 0.6 0.00021392867565677 0.00013258726015278 3.21290634861473e-08 0.261188565202946
1e+06 0 0.000352524852028788 0.000478578260886793 2.58108911923431e-07 1.60655882868953
1e+06 0.233333333333333 0.000334622648727063 0.000231410994720328 5.84349224341295e-08 0.570135487075862
1e+06 0 0.000344562876625867 0.000470593067201604 2.50411853460627e-07 1.70591081945283
1e+06 0.85 0.0002487092933702 8.81022496255578e-05 8.83894391654826e-09 0.182072773906622
1e+06 0 0.000284145455957036 0.000274580561057511 9.73897303069733e-08 0.759114017850419
1e+06 0.941176470588235 0.000266551464299874 4.78666427806601e-05 7.65024638502776e-09 0.0834739165147734
1e+06 0.848484848484849 0.000219339216959381 7.73201103535199e-05 1.25549610457724e-08 0.145923497969817
1e+06 0.461538461538462 0.00025199842104334 0.000233475115437618 9.32482103580676e-08 0.673143764185542
1e+06 0.622222222222222 0.000226210880761005 9.59578492776086e-05 1.3168665062217e-08 0.186936429949173
1e+06 0.0384615384615385 0.00035329892146672 0.000341661017323155 1.32953219927418e-07 0.80183141248832
1e+06 0 0.000383717949303708 0.000464373639226979 2.26550998417551e-07 1.48331274316917
